0.921875;0.18359375;0.35546875;0.06640625;0.22265625;0.73828125;0;0.2109375;0.7109375;0.51953125;0.55078125;0.16015625;0.09375;0.63671875;0;0.7265625
0.1640625;0.33203125;1.1875;0.625;0.30859375;0.3515625;1.06640625;0.14453125;0.1953125;0.09765625;1.0625;0.328125;0.125;0.7734375;0.66796875;0.44140625
0.14453125;0.31640625;0.22265625;0.421875;0.07421875;0.3515625;0.03125;0.19921875;0.0625;0.44140625;0.015625;0.2109375;0.01171875;0.3125;0;0.23046875
0.46875;0.00390625;0.0390625;0.8515625;0;0.484375;0.8046875;0.34375;0.5234375;0.609375;0.71875;0.5078125;0.87109375;0.33203125;0.19921875;0.31640625
0.5;0.29296875;0.6328125;0.01953125;0.62109375;0.62890625;0.59765625;0.0703125;0.2109375;0.1640625;0.4375;0.01953125;0.3203125;0.05859375;0.55078125;0.046875
0.2734375;0.34375;0.0234375;0.12890625;0.32421875;0.50390625;0.09765625;0.41015625;0.59765625;0.421875;0.06640625;0.40234375;0.04296875;0.55078125;0.34765625;0.02734375
0.3046875;0.4453125;0.47265625;0.75;0.08203125;0.1484375;0.23046875;0.5078125;0.0546875;0.05078125;0.14453125;0.29296875;0.26953125;0.28515625;0.09375;0.5703125
0.01953125;0;0.43359375;0.73046875;0.01171875;0.05078125;0.34375;0.1328125;0.0234375;0.1640625;0.30078125;0.375;0.11328125;0.08203125;0.6171875;0.92578125
0.6875;0.1171875;1.04296875;0.125;0.98046875;0.43359375;1.30078125;0.34375;0.984375;0.68359375;1.43359375;0.3671875;1.08984375;0.55859375;1.38671875;0.359375
0.39453125;0.25390625;0.8515625;0.23828125;0.69140625;0.08203125;0.72265625;0.42578125;0.65234375;0.31640625;0.29296875;0.875;0.7890625;0.52734375;0.6953125;0.85546875
0.27734375;0.33203125;0.2421875;0.6484375;0.0078125;0.09375;0.15234375;0.3359375;0.41015625;0.34765625;0.046875;0.2578125;0.2578125;0.19921875;0.2109375;0.73046875
0.4375;0.16796875;0.09375;0.1953125;0.0390625;0.3515625;0.11328125;0.15625;0.84375;0.08984375;0.1953125;0.4296875;0.8046875;0.05859375;0.1484375;0.71484375
0.25;0.0625;0.37109375;0.2734375;0.375;0.203125;0.19921875;0.33984375;0.37109375;0.01171875;0.34765625;0.65234375;0.375;0.15234375;0.16015625;0.42578125
0.2890625;0.37109375;0.23046875;0.6796875;0.171875;0.40234375;0.25390625;0.34375;0.1875;0.2890625;0.3125;0.89453125;0.02734375;0.36328125;0.29296875;0.50390625
0.10546875;0.21484375;0.1484375;0.41796875;0.66015625;0.37109375;0.34765625;0.24609375;0.61328125;0.40625;0.171875;0.52734375;0.1171875;0.5390625;0.24609375;0.19140625
0.6796875;0.4375;0.31640625;0.12890625;0.703125;0.2734375;0.05859375;0.828125;0.25;0.0546875;0.31640625;0.0546875;0.64453125;0.06640625;0.08984375;0.4765625
0.375;0.4453125;0.1640625;0.5;0.375;0.9453125;0.65625;1;0.0859375;0.390625;0.4765625;0.25;0;0.39453125;0.5703125;0.5234375
0.22265625;0.71875;0.66796875;0.26953125;0.375;0.3125;0.4765625;0.17578125;0.421875;0.66015625;0.859375;0.25;0.03515625;0.1875;0.12109375;0.15625
0.29296875;0.44921875;0.71875;0.34375;0.09765625;0.01953125;0.26953125;0.1953125;0.484375;0.0859375;0.59765625;0.625;0.05078125;0.04296875;0.5625;0.3359375
0.51953125;0.51171875;0.09375;0.11328125;0.20703125;0.44921875;0.21484375;0;0.41015625;0.84375;0.140625;0.1171875;0.30078125;0.65234375;0.4375;0.37109375
0.02734375;0.484375;0.19921875;0.01171875;0.25390625;0.03515625;0.03125;0.20703125;0.1953125;0.2109375;0.03515625;0.109375;0.3515625;0.45703125;0.1796875;0.08984375
0.29296875;0.078125;0.03125;0.24609375;0.49609375;0.47265625;0.34375;0.00390625;0.515625;0.59375;0.44921875;0.2421875;0.38671875;0.31640625;0.1640625;0.30078125
0.3046875;0.28515625;0.5;0.1796875;0.015625;0.171875;0.34375;0.47265625;0.0390625;0.1640625;0.01171875;0.0546875;0.35546875;0.3203125;0.33984375;0.5625
0.29296875;0.46875;0.515625;0.5546875;0.421875;0.52734375;0.80078125;0.546875;0.6796875;0.2578125;0.96875;0.11328125;0.64453125;0.671875;0.90234375;0.84375
0.26171875;0.125;0.63671875;0.578125;0.10546875;0.05859375;0.65234375;0.66015625;0.23828125;0.359375;0.50390625;0.77734375;0.171875;0.109375;0.63671875;0.7421875
0.21875;0.484375;0.46484375;0.08203125;0.00390625;0.16015625;0.42578125;0;0.1171875;0.38671875;0.609375;0.015625;0.203125;0.453125;0.14453125;0.44140625
0.79296875;0.8515625;0.01953125;0.46875;0.44140625;0.55078125;0.2421875;0.3203125;0.39453125;0.4765625;0.2578125;0.41796875;0.82421875;0.84375;0.05078125;0.578125
0.61328125;0.62109375;0.25;0.13671875;0.71484375;0.91015625;0.27734375;0.0859375;0.8203125;0.6875;0.05859375;0.1015625;0.56640625;0.65625;0.02734375;0.296875
0.3984375;0.30859375;0.12109375;0.01953125;0.3203125;0.20703125;0.078125;0.12890625;0.390625;0.31640625;0.03125;0.01953125;0.27734375;0.1640625;0.125;0.0859375
0.7109375;0.30859375;1.0234375;0.484375;0.3125;0.35546875;0.7578125;0.53125;0.7890625;0.1171875;0.55859375;0.65234375;0.5078125;0.125;0.43359375;0.26953125
0.28515625;0.31640625;0.11328125;0.59765625;0.46875;0.015625;0.0234375;0.52734375;0.44140625;0.3125;0.015625;0.3984375;0.0703125;0.13671875;0.09375;0.22265625
0;0.046875;0.5625;0.34765625;0.3671875;0.1484375;0.23828125;0.14453125;0.28125;0.36328125;0.546875;0.3515625;0.06640625;0.10546875;0.41796875;0.22265625
0.1953125;0.41796875;0.44140625;0.8828125;0.25;0.2578125;0.0703125;0.1640625;0.1328125;0.078125;0.1640625;0.12109375;0.01953125;0.109375;0.41796875;0.08984375
0.67578125;0.70703125;0.3203125;0.15625;0.203125;0.55078125;0.2421875;0.54296875;0.3359375;0.1875;0.1484375;0.3203125;0.171875;0.859375;0.19140625;0.078125
0.35546875;0.1015625;0.34375;0.5390625;0.1484375;0.2578125;0.34375;0.0234375;0.41015625;0.26171875;0.68359375;0.0234375;0.359375;0.26953125;0.3359375;0.34375
0.8046875;0.1953125;0.203125;0.1796875;0.23828125;0.1328125;0.3125;0.34765625;0.703125;0.1484375;0.25;0.48828125;0.9140625;0.0234375;0.12890625;0.1328125
0.91015625;0.70703125;0.33984375;0.546875;0.4375;0.53515625;0.15625;0.58984375;0.546875;0.359375;0.2734375;0.375;0.6953125;0.375;0.3671875;0.64453125
0.47265625;0.140625;0.1875;0.04296875;0.671875;0.03125;0.43359375;0.26953125;1.203125;0.2421875;0.69921875;0.30078125;0.671875;0.41015625;0.1328125;0.23046875
0.51953125;0.875;0.015625;0.359375;0.27734375;0.37109375;0.40625;0.11328125;0.16796875;0.203125;0.2421875;0.046875;0.1640625;0.6484375;0.55859375;0.0390625
0.3671875;0.421875;0.04296875;0.15625;0.2890625;0.828125;0.09765625;0.34375;0.35546875;0.9609375;0.05078125;0.58203125;0.73828125;0.7578125;0.2578125;0.421875
0.80078125;0.59375;0.10546875;0.109375;0.4140625;0.890625;0;0.17578125;0.5859375;1.01953125;0.12890625;0.25390625;0.4296875;1.015625;0.04296875;0.1875
0.4375;0.8046875;0.8046875;1;0.63671875;0.0703125;0.87890625;1.140625;0.66796875;0.1171875;0.57421875;1.11328125;0.82421875;0.3671875;0.33984375;0.8046875
0.02734375;0.0859375;0.1171875;0.06640625;0.16796875;0.24609375;0.32421875;0.03125;0.3359375;0.05859375;0.34375;0.19921875;0.01171875;0.140625;0.18359375;0.0625
0.16796875;1.07421875;0.48828125;0.06640625;0.0390625;1.53125;0.91796875;0.2734375;0.3984375;1.4609375;0.65234375;0.14453125;0.890625;1.62890625;0.6484375;0.125
0.10546875;0.30859375;0.13671875;0.03515625;0.13671875;0.703125;0.02734375;0.3359375;0.09765625;0.390625;0.3125;0.2265625;0.109375;0.6015625;0.12109375;0.3828125
0.1484375;1.0859375;0.01171875;0.07421875;0.09375;0.51171875;0.1875;0.1484375;0.3125;0.890625;0.44921875;0.5234375;0.1796875;0.35546875;0.046875;0.1015625
0.2265625;0.26953125;0.33984375;0.015625;0.07421875;0.69140625;0.7265625;0.2890625;0.0625;0.67578125;0.3671875;0.13671875;0.4296875;0.42578125;0.3046875;0.046875
0.578125;0.28125;0.03515625;0.54296875;0.5625;0.49609375;0.27734375;0.92578125;0.5;0.31640625;0.50390625;0.7734375;0.59765625;0.30078125;0.05078125;0.61328125
0.25;0.125;0.36328125;0.5859375;0.69921875;0.3125;0.41015625;0.546875;0.484375;0.15234375;0.1015625;0.15625;0.61328125;0.65625;0.42578125;0.3515625
1.23046875;0.265625;0.02734375;0.16796875;0.92578125;0.078125;0.22265625;0.46484375;1.2109375;0.0703125;0.15625;0.46484375;0.4375;0.37890625;0.140625;0.03125
0.359375;0.3125;0.62890625;0.6328125;0.12109375;0.10546875;0.03125;0.1328125;0.18359375;0.1171875;0.32421875;0.6640625;0.234375;0.328125;0.3828125;0.54296875
0.33203125;0.4375;0.26953125;0.03515625;0.359375;0.4140625;0.3359375;0.5625;0.16796875;0.31640625;0.53125;0.49609375;0.21875;0.31640625;0.26171875;0.61328125
0.109375;0.41015625;0;0.12890625;0.02734375;0.46875;0.21484375;0.12109375;0.09375;0.25390625;0.12890625;0.06640625;0.0390625;0.13671875;0.06640625;0.1015625
0.265625;0.03515625;0.23828125;0.2734375;0.30859375;0.08203125;0.0859375;0.1484375;0.05078125;0.0078125;0.4140625;0.21875;0.4453125;0.5234375;0.2890625;0.44921875
0.15234375;0.4296875;0.53125;0.82421875;0.09765625;0.13671875;0.80859375;0.58984375;0.08984375;0.06640625;0.4453125;0.078125;0.0078125;0.27734375;1.08203125;0.45703125
0.2578125;0.2421875;0.3515625;0.62890625;0.390625;0.2890625;0.33203125;0.6015625;0.77734375;0.203125;0.3828125;0.55859375;0.64453125;0.3359375;0.6953125;1.0078125
0.3828125;0.26953125;0.125;0.02734375;0.25390625;0.1953125;0.15625;0.14453125;0.1484375;0.125;0.078125;0.1953125;0.265625;0.1484375;0.16015625;0.2109375
0.42578125;0.0859375;0.04296875;0.9375;0.76953125;0.31640625;0.06640625;0.875;0.58203125;0.1328125;0.203125;0.80859375;0.73046875;0.28125;0.69140625;0.62890625
0.70703125;0.12890625;0.453125;0.24609375;0.10546875;0.234375;0.3984375;0.10546875;0.4453125;0.125;0.14453125;0.11328125;0.85546875;0.125;0.48828125;0.25390625
0.03515625;0.24609375;0.15625;0.3828125;0.0390625;0.65625;0.51953125;0.78125;0.10546875;0.34765625;0.0078125;0.703125;0.58984375;0.19140625;0.00390625;1.08984375
0.03125;0.26171875;0.5;0.1796875;0.10546875;0.07421875;0.37109375;0.1171875;0.0234375;0.3671875;0.546875;0.27734375;0.11328125;0.0078125;0.32421875;0.15234375
0.59375;0.4140625;0.78515625;0.19921875;0.51953125;0.53515625;0.3984375;0.17578125;0.234375;0.41796875;0.2578125;0.31640625;0.23828125;0.1953125;0.37890625;0.078125
0.2421875;0.578125;0.1484375;0.48046875;0.67578125;0.046875;0.87890625;0.640625;0.4375;0.0625;0.57421875;0.45703125;0.34375;0.3828125;0.0625;0.015625
0.16796875;0.1953125;0.69921875;0.40234375;0.4140625;0.31640625;0.90625;0.6484375;0.48046875;0.01953125;1.0234375;0.77734375;0.21484375;0.39453125;0.74609375;0.4296875
0.8359375;0.04296875;0.328125;0.375;0.3671875;0.25;0.484375;0.32421875;0.46875;0.08203125;0.01171875;0.24609375;0.40625;0.1640625;0.2890625;0.28125
1.75;0.72265625;0.765625;0.38671875;1.31640625;0.1640625;0.70703125;0;1.5625;0.26171875;0.515625;0.02734375;0.74609375;0.52734375;0.48828125;0.3984375
0.01953125;0.19140625;0.2421875;0.75;0.15234375;0.09765625;0.12109375;0.33984375;0.125;0.171875;0.30078125;0.58203125;0.03125;0.0859375;0.03125;0.31640625
0.578125;0.21875;0.3671875;0.16015625;0.484375;0.47265625;0.375;0.21875;0.38671875;0.32421875;0.25;0.23046875;0.09375;0.12890625;0.3046875;0.44140625
0.5;0.03125;0.7109375;0.5078125;0.5078125;0.14453125;0.1953125;0.6796875;0.359375;0.1328125;0.30859375;0.3984375;0.38671875;0.0625;0.59375;0.47265625
0.3984375;0.078125;0.390625;0.234375;0.12890625;0.1328125;0.44140625;0.10546875;0.33984375;0.05859375;0.796875;0.4296875;0.3359375;0.36328125;0.3515625;0.15234375
1.6796875;0.32421875;0.40234375;0.15625;1.36328125;0.16796875;0.76953125;0.33203125;0.58984375;0.0390625;0.21875;0.09375;1.40625;0.3046875;0.640625;0.6015625
0.390625;0.25390625;0.15234375;0.125;0.609375;0.26171875;0.03515625;0.01953125;0.65625;0.03125;0.15625;0.1015625;0.66015625;0.48828125;0.10546875;0.296875
0.19921875;0.69921875;0.0859375;0.0390625;0.55078125;0.27734375;0.0625;0.11328125;0.5625;0.26953125;0.3203125;0.296875;0.6640625;0.2265625;0.08984375;0.1796875
0.61328125;0.51953125;0.26171875;0.2421875;0.78515625;0.3125;0.296875;0.0390625;0.734375;0.34765625;0.0234375;0.0234375;0.43359375;0.1328125;0.49609375;0.4921875
0.0390625;0.6484375;0.0234375;0.12109375;0.203125;0.36328125;0.05078125;0.04296875;0.2109375;0.25390625;0.1953125;0.3125;0.14453125;0.640625;0.03515625;0.1015625
0.27734375;0.21484375;0.18359375;0.015625;0.29296875;0.109375;0.2578125;0.23046875;0.44921875;0.375;0.1640625;0.0859375;0.65234375;0.48046875;0.6328125;0.23828125
0.55859375;0.0390625;0.1640625;0.4375;0.8125;0.3359375;0.09765625;0.8125;0.890625;0.0703125;0.1640625;0.7890625;0.83984375;0.2890625;0.09765625;0.88671875
0.375;0.4921875;1.42578125;0.16015625;0.125;0.9375;1.16015625;0.0234375;0.65234375;0.51953125;0.7734375;0.234375;0.34375;0.32421875;0.55078125;0.140625
0.4375;0.2109375;0.3828125;0.125;0.7421875;0.359375;0.625;0;0.50390625;0.33203125;0.53125;0.0078125;0.48046875;0.51171875;0.4921875;0.2578125
0.3828125;0.03515625;0.203125;0.28515625;0.84375;0.6953125;0.29296875;0.34375;0.4765625;0.20703125;0.16796875;0.30078125;0.6875;0.2734375;0.0625;0.27734375
0.734375;0.22265625;0.515625;0.19140625;0.1796875;0.28125;0.3125;0.546875;0.453125;0.0703125;0.02734375;0.61328125;0.37890625;0.16796875;0.11328125;0.328125
0.4140625;0.8671875;0.2109375;0.23046875;0.22265625;0.515625;0.2265625;0.09765625;0.4140625;0.53515625;0.3125;0.296875;0.0859375;0.4921875;0.2421875;0.08203125
0.1015625;0.1015625;0.71875;0.15625;0.21484375;0.08984375;0.41796875;0.390625;0.3125;0.0546875;0.77734375;0.328125;0.04296875;0.03515625;0.58984375;0.27734375
0.0859375;0.2109375;0.578125;0.16796875;0.3671875;0.1328125;0.17578125;0.2890625;0.61328125;0.2734375;0.37890625;0.32421875;0.375;0.06640625;0.66796875;0.109375
0.69140625;0.15234375;0.08203125;0.6328125;0.609375;0.20703125;0.03515625;0.39453125;0.56640625;0.125;0.12109375;0.3984375;0.8203125;0.1640625;0.00390625;0.48828125
0.22265625;0.38671875;0.3125;0.17578125;0.2578125;0.4609375;0.30859375;0.0703125;0.47265625;0.734375;0.8203125;0.19140625;0.41015625;0.91015625;0.43359375;0.2734375
0.11328125;0.140625;0.41015625;0.25;0.515625;0.14453125;0.48828125;0.0234375;0.16015625;0.09765625;0.29296875;0.15234375;0.421875;0.03515625;0.5859375;0.1328125
0.33203125;0.35546875;0.578125;0.34375;0.26953125;0.75390625;0.203125;0.09375;0.2109375;0.703125;0.375;0.2578125;0.421875;0.6171875;0.73828125;0.48828125
0.625;0.3984375;0.55078125;0.1015625;0.703125;0.3359375;0.42578125;0.18359375;0.46875;0.0625;0.4375;0.30078125;0.671875;0.31640625;0.4921875;0.17578125
0.5;0.75390625;0.328125;0.1484375;1.16015625;0.5078125;0.87109375;0.41796875;1.23828125;0.3515625;0.74609375;0.3046875;1.1171875;0.38671875;0.51171875;0.4921875
0.1015625;0.0859375;0.40234375;0.22265625;0.30078125;0.09765625;0.01171875;0.328125;0.06640625;0.1328125;0.1484375;0.3046875;0.16015625;0.09765625;0.33984375;0.32421875
0.13671875;0.28125;0.07421875;0.3671875;0.00390625;0.453125;0.20703125;0.57421875;0.34765625;0.35546875;0.22265625;0.375;0.7421875;0.27734375;0.29296875;0.52734375
0.2734375;0.1171875;0.31640625;0.046875;0.33984375;0.28515625;0.546875;0.02734375;0.37890625;0.2734375;0.4765625;0.06640625;0.34375;0.328125;0.51171875;0.0390625
0.0625;0.625;0.15625;0.1640625;0.31640625;0.4765625;0.34375;0.25;0.53125;0.171875;0.14453125;0.25390625;0.23828125;0.09375;0.11328125;0.0625
0.11328125;0.1953125;0.296875;0.640625;0.015625;0.015625;0.15234375;0.36328125;0.140625;0.0390625;0.03125;0.23046875;0.01953125;0.23828125;0.1484375;0.8125
0.390625;0.39453125;0.44140625;0.02734375;0.44921875;0.10546875;0.125;0.20703125;0.25390625;0.0078125;0.26953125;0.21875;0.3984375;0.0703125;0.1484375;0.0390625
0.5078125;0.859375;0.234375;0.62109375;0.80859375;1.1328125;1.203125;0.77734375;0.62109375;0.32421875;0.5390625;0.0703125;0.71484375;0.5703125;0.96484375;0.6015625
0.21875;0.671875;0.5859375;0.08203125;0.09765625;0.40625;0.48828125;0.54296875;0.08984375;0.30078125;0.71484375;0.328125;0.17578125;0.6484375;0.0859375;0.171875
0.6875;0.30078125;0.3046875;0.77734375;0.2578125;0.13671875;0.20703125;0.3046875;0.2421875;0.29296875;0.41015625;0.58984375;0.515625;0.24609375;0.0625;0.5703125
0.26953125;0.93359375;0.1171875;0.5078125;0.21484375;0.41015625;0.33203125;0.390625;0.41015625;0.04296875;0.48828125;0.30859375;0.14453125;0.49609375;0.265625;0.1796875
0.0078125;0.00390625;0.125;0.6796875;0.3046875;0.00390625;0.10546875;0.65625;0.07421875;0.0234375;0.04296875;0.40234375;0.265625;0.0390625;0.19140625;0.5
0.03515625;0.15625;0.203125;0.0703125;0.0546875;0.33984375;0.28515625;0.31640625;0.140625;0.49609375;0.80859375;0.34375;0.38671875;0.42578125;0.37890625;0.29296875
0.296875;0.96484375;0.98046875;0.390625;0.1484375;0.5703125;0.37109375;0.09765625;0.05859375;0.41015625;0.10546875;0.03125;0.08203125;0.74609375;0.42578125;0.21484375
0.8203125;0.69921875;0.23828125;0.01171875;0.6171875;1.015625;0.078125;0.30078125;0.66015625;0.8359375;0.1875;0.19140625;1.23828125;1.35546875;0.296875;0.04296875
0.578125;0.18359375;0.875;0.0390625;0.6015625;0.1171875;0.58203125;0.1171875;0.83984375;0.34375;0.421875;0.140625;0.703125;0.25390625;0.4609375;0.1640625
0.4296875;0.671875;1.39453125;0.6953125;0.0390625;0.859375;1.47265625;0.5078125;0.40234375;0.5546875;1.15234375;0.40625;0.3203125;0.8203125;0.9140625;0.08984375
0.14453125;0.44140625;0.00390625;0.33203125;0.03125;0.22265625;0.2265625;0.28515625;0.0859375;0.40625;0.390625;0.26171875;0.22265625;0.50390625;0.12109375;0.296875
0.140625;0.23046875;0.4296875;0.3046875;0.40625;0.68359375;0.609375;0.50390625;0.08203125;0.2734375;0.86328125;0.5625;0.015625;0.1875;1.20703125;0.578125
0.0859375;0.3515625;0.1640625;0.37890625;0.01171875;0.2578125;0.0078125;0.52734375;0.22265625;0.40625;0.125;0.66015625;0.09375;0.234375;0.0234375;0.58984375
0.18359375;1.03515625;0.1640625;0.44140625;0.1171875;0.98046875;0.14453125;0.45703125;0.2265625;0.43359375;0.07421875;0.51171875;0.28125;0.58984375;0.00390625;0.3515625
0.21875;0.015625;0.1796875;0.0703125;0.1875;0.01171875;0.046875;0.1953125;0.08203125;0.03515625;0.12890625;0.1484375;0.34765625;0.09765625;0.4453125;0.36328125
0.6953125;0.08203125;0.40625;0.34765625;0.375;0.04296875;0.52734375;0.91796875;1.0703125;0.1015625;0.6171875;0.2734375;0.4296875;0.0234375;0.44140625;0.6015625
0.00390625;1.2265625;0.3828125;0.26953125;0.67578125;0.921875;1.15625;0.3515625;0.37890625;0.7421875;0.59765625;0.26953125;1.01171875;0.25;0.50390625;0.15625
0.70703125;0.65625;0.3046875;0.2109375;0.4375;0.76953125;0.0546875;0.29296875;0.03515625;0.5546875;0.29296875;0.015625;1.03515625;0.41796875;0.15234375;0.484375
0.11328125;0.25;0.30859375;0.625;0.10546875;0.21484375;0.44921875;0.24609375;0.3203125;0.01953125;0.09765625;0.39453125;0.07421875;0.2734375;0.41796875;0.44140625
0.37109375;0.234375;0.13671875;0.0390625;0.1875;0.4921875;0.23046875;0.203125;0.41015625;0.78515625;0.15625;0.12890625;0.04296875;0.09765625;0.06640625;0.38671875
0.2265625;0.625;1.73046875;1.33984375;0.07421875;0.86328125;1.1484375;1.09765625;0.16796875;0.4140625;1.12109375;0.76953125;0.2890625;0.2109375;1.54296875;0.96484375
0.0546875;0.19921875;0.0234375;0.140625;0.24609375;0.04296875;0.01953125;0.35546875;0.171875;0.16015625;0.07421875;0.65625;0.22265625;0.44921875;0.50390625;0.44921875
0.4296875;0.55078125;0.6484375;0.06640625;0.7734375;0.1328125;0.6015625;0.56640625;0.3671875;0.22265625;0.3046875;0.0078125;0.921875;0.24609375;0.60546875;0.44921875
0.29296875;0.015625;0.1171875;0.5703125;0.3671875;0.08203125;0.42578125;0.2265625;0.3046875;0.05859375;0.4296875;0.2890625;0.58984375;0.09765625;0.23046875;0.74609375
0.53125;0.078125;0.64453125;0.45703125;0.5;0.109375;0.78515625;0.61328125;0.796875;0.0859375;0.796875;0.71875;0.6015625;0.1171875;0.8359375;0.66796875
0.91015625;0.05078125;0.0703125;0.2578125;1.25390625;0.078125;0.16796875;0.015625;1.1640625;0.23828125;0.0078125;0.171875;1.1015625;0.21484375;0.1015625;0.01953125
0.625;0.46875;0.19140625;0.1875;0.37890625;0.18359375;0.23046875;0.1796875;0.52734375;0.33203125;0.37890625;0.640625;0.625;0.65625;0.2578125;0.25390625
0.12890625;0.4140625;0.2109375;0.14453125;0.19921875;0.7890625;0.234375;0.41796875;0.42578125;0.81640625;0.22265625;0.37109375;0.6640625;1.484375;0.01953125;0.453125
0.23046875;0.15234375;0.01171875;0.44921875;0.3828125;0.2109375;0.35546875;0.69921875;0.2109375;0.40234375;0.2421875;0.63671875;0.28125;0.2890625;0.41015625;0.671875
0.90625;0.78515625;0.12109375;0.703125;1.03125;0.71875;0.12109375;0.2421875;0.78125;0.34375;0.12890625;0.69140625;0.62109375;0.03515625;0.10546875;0.33984375
0.25390625;0.09375;0.00390625;0.05859375;0.5625;0.41796875;0.30859375;0.078125;0.33203125;0.34375;0.33984375;0.328125;0.19140625;0.375;0.20703125;0.0078125
0.21484375;0.36328125;0.234375;0.41796875;0.11328125;0.04296875;0.4921875;0.8828125;0.33984375;0.0625;0.01171875;0.84375;0.0546875;0.20703125;0.140625;0.5859375
0.28515625;0.078125;0.3984375;0.203125;0.4453125;0.46484375;0.6015625;0.9140625;0.03125;0.109375;0.32421875;0.37890625;0.03125;0.83984375;0.00390625;0.875
0.29296875;0.34375;0.828125;0.1953125;0.05078125;0.2265625;0.83984375;0.4296875;0.0234375;0.4765625;1.34765625;0.7265625;0.171875;0.46484375;1.13671875;0.8046875
0.12109375;0.28515625;0.30078125;0.37890625;0.125;0.47265625;0.1796875;0.19140625;0.02734375;0.359375;0.046875;0.21484375;0.10546875;0.26953125;0.1171875;0.17578125
0.37890625;0.44140625;0.57421875;0.51171875;0.3671875;0.5703125;0.75;0.69140625;0.55078125;0.11328125;0.08984375;0.28515625;0.3125;0.1875;0.29296875;0.26171875
0.1484375;0.3984375;0.3828125;0.19140625;0.42578125;0.63671875;0.484375;0.12109375;0.43359375;0.0390625;0.69921875;0.16015625;0.48828125;0.4609375;0.66015625;0.234375
0.15234375;0.84765625;0.453125;0.09375;0.8125;0.828125;0.0703125;0.27734375;0.38671875;0.8046875;0.3515625;0.4609375;0.609375;0.65234375;0.10546875;0.16015625
0.07421875;0.3125;0.17578125;0.6953125;0.5234375;0.68359375;0.42578125;0.9296875;0.4296875;0.30078125;0.22265625;0.40625;0.47265625;0.453125;0.296875;0.61328125
0.046875;0.14453125;0.546875;0.11328125;0.09765625;0.0625;0.26953125;0.046875;0.02734375;0.12109375;0.28125;0.1640625;0.05078125;0.046875;0.3515625;0.3828125
1.25390625;0.140625;1.3515625;0.19140625;0.75390625;0.125;1.03515625;0.27734375;0.5859375;0.43359375;1.08203125;0.52734375;0.42578125;0.09375;0.83984375;0.0546875
0.57421875;0.03515625;0.2890625;0.23046875;0.81640625;0.21875;1.13671875;0.4375;0.8671875;0.2734375;1.1484375;0.3515625;0.26953125;0.28515625;0.05078125;0.3984375
0.29296875;0.203125;0.21875;0.23828125;0.23046875;0.234375;0.01171875;0.39453125;0.24609375;0.3515625;0.28125;0.484375;0.546875;0.5390625;0.046875;0.28515625
0.70703125;0.453125;0.3671875;0.0625;0.19921875;0.27734375;0.07421875;0.44921875;0.20703125;0.47265625;0.01171875;0.2734375;0.26171875;0.359375;0.08984375;0.23046875
0.296875;0.0703125;0.1640625;0.671875;0.96875;0.1171875;0.0234375;1.296875;0.46875;0.06640625;0.13671875;0.9453125;0.69140625;0.234375;0.140625;0.58984375
0.05078125;0.5390625;0.3828125;0.421875;0.0625;0.58203125;0.46875;0.609375;0.234375;0.375;0.1875;0.375;0.06640625;0.63671875;0.5078125;0.46875
0.390625;0.70703125;0.1953125;0.58203125;0.4453125;0.53515625;0.12890625;0.140625;0.20703125;0.15625;0.015625;0.1640625;0.26953125;0.19921875;0.19140625;0.20703125
0.08984375;0.28125;0.3359375;0.140625;0.5703125;0.13671875;0.10546875;0.60546875;1.1875;0.3515625;0.0859375;0.5859375;0.6171875;0.109375;0.125;0.54296875
0.3125;0.22265625;0.2890625;0.60546875;0.0625;0.80859375;0.63671875;0.578125;0.1953125;0.1015625;0.16796875;0.27734375;0.14453125;0.94921875;0.5703125;0.58984375
0.26953125;0.28125;0.29296875;0.21484375;0.28125;0.51953125;0.4140625;0.18359375;0.31640625;0.73046875;0.65625;0.203125;0.3046875;0.74609375;0.47265625;0.1640625
0.0546875;0.48046875;0.41015625;0.125;0.22265625;0.265625;0.765625;0.578125;0.203125;0.0703125;0.6015625;0.45703125;0.625;0.1484375;0.28515625;0.62109375
0.375;0.65234375;0.140625;0.08984375;0.48828125;0.84765625;0.0625;0.0234375;0.3359375;0.63671875;0.08203125;0.0390625;0.1640625;0.328125;0.41015625;0.19140625
0.296875;0.06640625;0.07421875;0.1875;0.05859375;0.00390625;0.09375;0.01953125;0.55859375;0.328125;0.12890625;0.08984375;0.328125;0.16015625;0.0078125;0.046875
0.640625;0.41015625;0.2734375;0.20703125;0.78125;0.40234375;0.09765625;0.26171875;0.734375;0.73828125;0.23828125;0.0546875;0.578125;0.05078125;0.19140625;0.234375
0.6015625;0.33984375;0.234375;0.1484375;0.33203125;0.47265625;0.453125;0.01953125;0.6484375;0.42578125;0.1875;0.15625;0.23046875;0.0390625;0.23828125;0.03125
0.98828125;0.01953125;1.11328125;0.0546875;0.3671875;0.8515625;0.34765625;0.55859375;0.41015625;0.26171875;0.37109375;0.078125;0.375;0.60546875;0.43359375;0.46875
0.46484375;0.08984375;0.640625;0.96875;0.35546875;0.31640625;0.9609375;0.42578125;0.26171875;0.07421875;0.63671875;0.39453125;0.21484375;0.22265625;0.49609375;0.46484375
0.1015625;0.3125;0.484375;0.2734375;0.08203125;0.06640625;0.0703125;0.39453125;0.11328125;0.19921875;0.41796875;0.484375;0.00390625;0.328125;0.03515625;0
0.55859375;0.859375;0.54296875;0.33203125;0.359375;0.30859375;0.0078125;0.55859375;0.45703125;0.45703125;0.0625;0.6953125;0.4609375;0.55859375;0.26171875;0.5234375
1.1484375;0.96484375;0.67578125;0.046875;0.57421875;0.87890625;0.171875;0.234375;1.01953125;1.12109375;0.265625;0.0078125;0.51171875;0.82421875;0.625;0.41015625
0.14453125;0.01171875;0.265625;0.05078125;0.32421875;0.08203125;0.01953125;0.3125;0.19140625;0.09765625;0.2734375;0.0703125;0.109375;0.21875;0.03125;0.37890625
0.48828125;0.15625;0.76171875;0.48046875;0.7109375;0.14453125;0.703125;0.3984375;0.3828125;0.33203125;0.8515625;0.43359375;0.57421875;0.00390625;0.7734375;0.44140625
0.5078125;0.328125;0.16796875;0.45703125;0.015625;0.046875;0.01171875;0.17578125;0.0078125;0.23828125;0.05859375;0.15234375;0.42578125;0.26953125;0.04296875;0.67578125
0.33984375;0.3046875;0.5859375;0.34375;0.0390625;0.3671875;0.66015625;0.31640625;0.48828125;0.46484375;0.1953125;0.1484375;0.27734375;0.203125;0.453125;0.265625
0.0703125;0.2421875;0.21484375;0.1171875;0.1953125;0.0625;0.109375;0.2109375;0.109375;0.14453125;0.15625;0.29296875;0.30859375;0.140625;0.5;0.57421875
0.09375;0.625;0.26953125;0.26171875;0.37890625;0.25390625;0.0234375;0.20703125;0.76171875;0.52734375;0.08203125;0.3828125;0.82421875;0.296875;0.16015625;0.32421875
0.08984375;0.03515625;0.2578125;0.29296875;0.59765625;0.265625;0.578125;0.2421875;0.3828125;0.15625;0.43359375;0.25;0.17578125;0.65234375;0.58203125;0.1484375
0.609375;0.0703125;0.22265625;0.2890625;0.6796875;0.25390625;0.3671875;0.4765625;0.72265625;0.20703125;0.01171875;0.12109375;0.46484375;0.20703125;0.0390625;0.0078125
0.5546875;0.640625;0.2265625;0.06640625;0.53515625;0.73828125;0.16015625;0.203125;0.578125;0.42578125;0.41796875;0.7421875;0.609375;0.765625;0.3203125;0.42578125
0.7109375;0.484375;0.06640625;0.36328125;1.05859375;0.5;0.28125;0.37890625;0.890625;0.1171875;0.40234375;0.51171875;0.5546875;0.29296875;0.0703125;0.15234375
0.24609375;0.7109375;0.01171875;0.140625;0.51171875;1.3828125;0.140625;0.36328125;0.203125;0.59375;0.421875;0.03125;0.30859375;0.9375;0.15234375;0.12890625
0.82421875;0.75;0.015625;0.75;0.21875;0.73828125;0.37109375;0.2890625;0.359375;0.3671875;0.3046875;0.2890625;0.34375;0.5625;0.19140625;0.2421875
0.75;0.91796875;0.2890625;0.078125;0.67578125;0.5078125;0.14453125;0.08984375;0.40625;0.640625;0.11328125;0.3046875;0.703125;0.4375;0.13671875;0.13671875
0.16015625;0.51171875;0.9296875;0.625;0.91796875;0.75390625;0.68359375;1.12890625;0.80859375;0.72265625;0.6328125;0.8046875;0.0546875;0.0625;0.12109375;0
0.46484375;0.4609375;0.890625;0.1953125;0.109375;0.1015625;0.05078125;0.046875;0.125;0.1015625;0.21484375;0.078125;0.4375;0.01171875;0.3515625;0.30078125
0.55859375;1.5859375;0.66796875;0.03125;0.5078125;1.7265625;0.875;0.08203125;0.2890625;2.01953125;1.2265625;0.34375;0.7890625;1.390625;0.46875;0.359375
0.08984375;0.10546875;0.32421875;0.40625;0.0390625;0.68359375;1.015625;0.23046875;0.08203125;0.296875;0.48828125;0.453125;0.0546875;0.46484375;0.60546875;0.2109375
0.1484375;0.43359375;0.2265625;0.16015625;0.34375;0.390625;0.14453125;0.0703125;0.05859375;0.65625;0.18359375;0.20703125;0.328125;0.29296875;0.30859375;0.22265625
0.16015625;0.75;0.34375;0.0234375;0.359375;0.50390625;0.73046875;0.16796875;0.16796875;0.2890625;0.01953125;0.109375;0.015625;0.48046875;0.59375;0.20703125
0.41015625;0.0859375;0.1015625;0.109375;0.8359375;0.1171875;0.14453125;0.671875;0.48828125;0.78515625;0.03515625;0.99609375;0.62890625;0.390625;0.30078125;0.86328125
0.37109375;0.421875;0.3984375;0.375;0.640625;0.24609375;0.01953125;0.35546875;0.22265625;0.125;0.03515625;0.20703125;0.5859375;0.0390625;0.30078125;0.42578125
0.73828125;0.0546875;0.1796875;0.27734375;0.8203125;0.171875;0.23046875;0.26171875;1.2734375;0.46875;0.26171875;0.27734375;1.08984375;0.484375;0.48046875;0.26953125
0.0390625;0.0546875;0.32421875;0.19921875;0.296875;0.4296875;0.34765625;0.78515625;0.2734375;0.33984375;0.37890625;0.6171875;0.12890625;0.078125;0.375;0.41796875
0.08203125;0.15234375;0.328125;0.41796875;0.16015625;0.37109375;0.45703125;0.2265625;0.08984375;0.20703125;0.41015625;0.13671875;0.01953125;0.18359375;0.08984375;0.58203125
0.625;0.421875;0.5859375;0.12109375;0.47265625;0.53125;0.51953125;0.1640625;0.23828125;0.14453125;0.15625;0.140625;0.5546875;0.44140625;0.53515625;0.2421875
0.78125;0.453125;0.4921875;0.60546875;0.60546875;0.08984375;0.9765625;0.9375;0.578125;0.0625;0.29296875;0.015625;0.5859375;0.15625;0.6796875;0.70703125
0.046875;0.01171875;0.1328125;0.40234375;0.04296875;0.5703125;0.41015625;0.73828125;0.11328125;0.51953125;1.03515625;0.25;0.12890625;0.53515625;0.75;0.3671875
1.3125;0.12109375;0.6640625;0.84765625;0.1875;0.38671875;0.4921875;0.296875;0.5078125;0.1796875;0.3984375;0.328125;0.3203125;0.26171875;0.44140625;0.46875
1.0390625;0.21484375;0.16796875;0.24609375;0.328125;0.328125;0.01953125;0.0390625;0.16796875;0.17578125;0.20703125;0.01953125;0.28125;0.23828125;0.13671875;0.03515625
0.69140625;0.4921875;0.13671875;0.41796875;0.82421875;0.3203125;0.71484375;0.9140625;0.88671875;0.48828125;1.0703125;0.6796875;0.2734375;0.171875;0.265625;0.171875
0.23046875;0.32421875;0.70703125;0.44921875;0.734375;0.13671875;0.10546875;0.24609375;0.57421875;0.25390625;0.42578125;0.11328125;0.6015625;0.1171875;0.203125;0.13671875
0.12890625;0.11328125;0.109375;0.51953125;0.3984375;0.5;0.44140625;1.0859375;0.07421875;0.70703125;0.52734375;1.12890625;0.62890625;0.17578125;0.28125;0.703125
0.08203125;0.37890625;0.296875;0.39453125;0.2578125;0.00390625;0.3515625;0.265625;0.09765625;0.36328125;0.37109375;0.39453125;0.3671875;0.20703125;0.05859375;0.1328125
0.57421875;0.5078125;0.4765625;0.26953125;0.5234375;0.35546875;0.54296875;0.28125;0.52734375;0.46875;0.578125;0.23828125;0.60546875;0.5078125;0.53125;0.37890625
0.3203125;0.27734375;0.26171875;0.484375;0.7578125;0.203125;0.5859375;0;0.1640625;0.03515625;0.12890625;0.03515625;0.48828125;0.3125;0.6328125;0.67578125
0.1328125;0.359375;0.42578125;0.16796875;0.171875;0.71875;1.01953125;0.4765625;0.54296875;0.08203125;0.76953125;0.59375;0.3984375;0.30078125;1;0.66796875
0.375;0.0078125;0.30859375;0.29296875;0.50390625;0.21875;0.2421875;0.2890625;0.46484375;0.0703125;0.10546875;0.25;0.671875;0.1875;0.25;0.30859375
1.09375;0.35546875;0.5703125;0.01953125;1.08203125;0.23046875;0.296875;0.1875;1.69140625;0.4296875;0.6640625;0.56640625;1.3828125;0.2265625;0.328125;0.58984375
0.12109375;0.09375;0.3671875;0.78125;0.05078125;0.078125;0.05859375;0.296875;0.06640625;0.0234375;0.00390625;0.24609375;0.13671875;0.0859375;0.53125;0.5
0.234375;0.2578125;0.16015625;0.203125;0.234375;0.37109375;0.33984375;0.12109375;0.0546875;0.0625;0.05078125;0.015625;0.1484375;0.0703125;0.0859375;0.32421875
0.4609375;0.35546875;0.24609375;0.4296875;0.54296875;0.30078125;0.046875;0.5859375;0.50390625;0.25;0.2578125;0.640625;0.62109375;0.375;0.1171875;0.7421875
0.390625;0.3203125;0.5234375;0.07421875;0.93359375;0.26171875;1.05078125;0.34375;0.16015625;0.30078125;0.60546875;0.015625;0.796875;0.36328125;0.70703125;0.23828125
1.02734375;0.51953125;0.2890625;0.390625;1.63671875;0.6328125;0.01171875;0.3671875;1.1015625;0.23046875;0.16796875;0.5546875;1.21484375;0.15625;0.03125;0.13671875
0.62890625;0.23046875;0.0546875;0.09765625;0.40625;0.4921875;0.21875;0.078125;0.23046875;0.00390625;0.015625;0.03515625;0.38671875;0.28515625;0.0234375;0.1015625
0.765625;0.90625;0.140625;0.10546875;0.1328125;0.63671875;0.2265625;0.25390625;0.2109375;0.13671875;0.21484375;0.07421875;0.046875;0.6796875;0.17578125;0.09765625
0.5390625;0.14453125;0.26171875;0.34375;0.64453125;0.12109375;0.62890625;0.5703125;0.42578125;0.19140625;0.91796875;0.6484375;0.046875;0.21875;0.203125;0.1953125
0.58984375;0.73046875;0.28515625;0.49609375;0.08984375;0.0234375;0.12890625;0.02734375;0.0234375;0.21875;0.28515625;0.06640625;0.234375;0.3125;0.296875;0.453125
0.2578125;0.26953125;0.43359375;0.15234375;0.5234375;0.265625;0.6328125;0.3515625;0.42578125;0.1796875;0.37890625;0.33203125;0.36328125;0.265625;0.92578125;0
0.9453125;0.0859375;0.16796875;1.1640625;1.25;0.01953125;0.25390625;0.72265625;1.1640625;0.109375;0.0703125;1.234375;0.80078125;0.0625;0.1484375;0.56640625
0.19140625;0.91796875;1.203125;0.04296875;0.33984375;0.69140625;1.078125;0.17578125;0.15234375;0.70703125;1.23046875;0.015625;0.21484375;0.984375;1.25390625;0.08984375
0.484375;0.21875;0.59765625;0.0546875;0.81640625;0.75390625;0.625;0.2734375;0.1875;0.1328125;0.25390625;0.12109375;0.62109375;0.421875;0.50390625;0.0234375
0.15625;0.390625;0.390625;0.15234375;1.11328125;0.30078125;0.02734375;0.3359375;0.46484375;0.56640625;0.1796875;0.3515625;0.81640625;0.47265625;0.09375;0.3359375
0.26171875;0.2890625;0.37109375;0.01953125;0.484375;0.12890625;0.08984375;0.73828125;0.2421875;0.1484375;0.28515625;0.109375;1.0546875;0.1328125;0.1953125;0.86328125
0.23828125;0.421875;0.10546875;0.02734375;0.234375;0.4765625;0.109375;0.17578125;0.28125;0.94140625;0.046875;0.3359375;0.21875;0.79296875;0.0859375;0.33203125
0.3984375;0.01171875;0.5078125;0.21484375;0.23828125;0.03125;0.83984375;0.421875;0.13671875;0.09765625;0.63671875;0.26171875;0.42578125;0.1796875;0.41015625;0.109375
0.4453125;0.12109375;0.2578125;0.1875;0.625;0.31640625;0.3203125;0.28125;0.21875;0.078125;0.54296875;0.16796875;0.12109375;0.1796875;0.140625;0.0703125
0.6015625;0.41796875;0.4921875;0.8203125;0.5546875;0.39453125;0.34375;0.74609375;1.15625;0.42578125;0.27734375;0.72265625;0.98828125;0.58984375;0.4609375;0.98046875
0.30078125;1.21484375;0.6171875;0.4375;0.1484375;1.25390625;1.17578125;0.328125;0.30078125;0.9609375;0.578125;0.0234375;0.01171875;0.8046875;0.71875;0.44921875
0.0234375;0.328125;0.14453125;0.23046875;0.30078125;0.08984375;0.30078125;0.4921875;0.109375;0.3984375;0.55078125;0.24609375;0.109375;0.21875;0.4140625;0.390625
0.2265625;0.30859375;0.22265625;0.91796875;0.51953125;0.86328125;0.26953125;0.26953125;0.328125;0.29296875;0.05078125;0.3515625;0.421875;0.5703125;0.35546875;0.12890625
0.78515625;0.68359375;1.01171875;0.2578125;1.02734375;0.75;0.46875;0.046875;0.57421875;0.140625;0.09375;0.390625;0.44921875;0.19921875;0.3984375;0.13671875
0.91796875;0.25390625;1.04296875;0.26171875;1.07421875;0.6953125;0.5625;0.54296875;0.99609375;0.6015625;0.5625;0.59375;0.38671875;0.12109375;0.25;0.0078125
0.2109375;0.015625;0.05859375;0.3984375;0.11328125;0;0.13671875;0.37109375;0.42578125;0.13671875;0.25390625;0.6171875;0.12890625;0.20703125;0.16796875;0.37890625
0.515625;0.25;0.22265625;0.8671875;0.375;0.37890625;0.05078125;0.67578125;0.203125;0.5078125;0.14453125;0.8359375;0.69921875;0.13671875;0.3046875;0.8671875
0.38671875;0.453125;0.32421875;0.08984375;0.31640625;0.609375;0.609375;0.30078125;0.41796875;0.5390625;0.47265625;0.01953125;0.19921875;0.5;0.29296875;0.0234375
0.33984375;0.3515625;0.4296875;0.14453125;0.31640625;0.1171875;0.390625;0.0703125;0.13671875;0.58203125;0.28125;0.0234375;0.37109375;0.27734375;0.5546875;0.07421875
0.1953125;0.0625;0.03125;0.55859375;0.1953125;0.3671875;0.21875;0.86328125;0.140625;0.1484375;0.14453125;0.26953125;0.0625;0.1953125;0.30859375;0.41796875
0.08203125;0.05859375;0.19921875;0.01171875;0.3125;0.2109375;0.03515625;0.02734375;0.7265625;0.6484375;0.37890625;0.1328125;0.41015625;0.00390625;0.10546875;0.15234375
0.43359375;0.73046875;0.65625;0.65234375;0.8359375;0.70703125;0.921875;0.3671875;0.3203125;0.4453125;0.21484375;0.2890625;0.84375;0.82421875;0.69921875;0.32421875
0.18359375;0.42578125;0.4296875;0.1875;0.02734375;0.3828125;0.3671875;0.12890625;0.01171875;0.65625;0.44921875;0.1640625;0.1171875;0.546875;0.3046875;0.140625
0.53515625;0.21875;0.015625;0.54296875;0.421875;0.30859375;0.171875;0.6171875;0.4140625;0.28125;0.23828125;0.57421875;0.08984375;0.26953125;0.75390625;0.44140625
0.296875;0.109375;0.31640625;0.17578125;0.65234375;0.12890625;0.6796875;0.2890625;0.29296875;0.390625;0.234375;0.0390625;0.16015625;0.046875;0.1875;0.03515625
0.16015625;0.05859375;0.0625;0.66796875;0.359375;0.0546875;0.01953125;0.79296875;0.10546875;0.1328125;0.19921875;0.78515625;0.2421875;0.140625;0.08984375;1
0.25390625;0.6484375;0.32421875;0.4609375;0.2109375;0.75;0.55859375;0.42578125;0.2109375;0.65625;0.4296875;0.6015625;0.33984375;0.453125;0.140625;0.171875
0.1328125;0.546875;0.60546875;0.15234375;0.13671875;1.23046875;1.2734375;0.25390625;0.08203125;0.90234375;0.4296875;0.13671875;0.0234375;1.0390625;0.7421875;0.015625
1.1953125;0.78125;0.1484375;0.21484375;0.875;0.92578125;0.0390625;0.203125;0.85546875;0.30859375;0.01953125;0.1640625;0.89453125;0.73046875;0.140625;0.05859375
0.859375;0.03125;0.73828125;0.125;0.32421875;0.49609375;1.12890625;0.01171875;0.4296875;0.08203125;0.58984375;0.17578125;0.515625;0.140625;0.77734375;0.1015625
0.1015625;0.58203125;0.96484375;0.48828125;0.09765625;1.14453125;1.4609375;0.17578125;0.16015625;1.15625;1.171875;0.0625;0.2734375;0.015625;0.03125;0.01953125
0.09375;0.25;0.70703125;0.51171875;0.0390625;0.453125;0.27734375;0.11328125;0.06640625;0.4765625;0.625;0.15234375;0.06640625;0.5234375;0.5703125;0.30859375
0.21875;0.1953125;0.6171875;0.0234375;0.2734375;0.5234375;0.94921875;0.52734375;0.50390625;0.80859375;0.9453125;0.61328125;0.08984375;0.046875;0.63671875;0
0.40234375;0.27734375;0.08984375;0.8125;0.61328125;0.48046875;0.1640625;0.99609375;0.4765625;0.34765625;0.04296875;0.953125;0.41015625;0.2421875;0.15234375;0.62890625
0.015625;1.08984375;0.140625;0.58203125;0.22265625;1.02734375;0.09375;0.6328125;0.015625;1.0078125;0.16796875;0.390625;0.06640625;1.23046875;0.16796875;0.67578125
0.05078125;0.08203125;0.015625;0.0390625;0.5859375;0.1953125;0.58203125;0.44921875;0.078125;0.0625;0.15234375;0.125;0.15625;0.02734375;0.00390625;0.234375
0.59765625;0.125;0.1796875;0.03515625;0.5625;0.015625;0.68359375;0.74609375;0.41015625;0.04296875;0.38671875;0.828125;0.63671875;0.05078125;0.60546875;0.703125
0.5234375;0.29296875;0.25390625;0.38671875;0.6015625;1.015625;1.00390625;0.078125;0.1015625;0.52734375;0.1484375;0.1015625;0.2421875;1.5390625;1.1484375;0.16015625
0.5625;0.5390625;0.01953125;0.24609375;0.2421875;0.375;0.08203125;0.2109375;0.59375;0.76171875;0.171875;0.37890625;0.4140625;0.5625;0.08984375;0.421875
0.02734375;0.203125;0.375;0.4375;0.0625;0.23046875;0.3125;0.4765625;0.03515625;0.21484375;0.24609375;0.43359375;0.46875;0.19921875;0.515625;0.30078125
0.30078125;0.56640625;0.1640625;0.02734375;0.60546875;0.99609375;0.23828125;0.0078125;0.12890625;0.2734375;0.0234375;0.31640625;0.0703125;0.05078125;0.078125;0.0234375
0.40625;0.83984375;1.1640625;0.71484375;0.3203125;1.0546875;1.19140625;0.95703125;0.484375;0.43359375;1.7109375;0.99609375;0.5546875;0.96875;1.66796875;1.0703125
0.16015625;0.3515625;0.4609375;0.43359375;0.13671875;0.0546875;0.0546875;0.421875;0.2109375;0.078125;0.19140625;0.55078125;0.12109375;0.0625;0.1640625;0.078125
0.1640625;0.6484375;0.0625;0.08203125;0.2109375;1.01171875;0.45703125;0.42578125;0.74609375;0.3359375;0.72265625;0.1953125;0.49609375;0.65625;0.546875;0.36328125
0.3125;0.4296875;0.12109375;0.09375;0.48046875;0.33984375;0.24609375;0.07421875;0.18359375;0.05078125;0.0078125;0.01953125;0.34765625;0.1171875;0.1484375;0.27734375
0.69921875;0.125;0.9296875;0.53515625;0.18359375;0.109375;0.64453125;0.4296875;0.36328125;0.08203125;0.55078125;0.5234375;0.4609375;0.0703125;0.48828125;0.33984375
0.80078125;0.03515625;0.25;0.2734375;1.33984375;0.1328125;0.1484375;0.21875;1.140625;0.08203125;0.23828125;0.1953125;0.0859375;0.1484375;0.0859375;0.17578125
0.62890625;0.2265625;0.61328125;0.46875;0.359375;0.46484375;0.5546875;0.44921875;0.41015625;0.62890625;0.15234375;0.47265625;0.66015625;0.50390625;0.5390625;0.83984375
0.09375;0.65234375;0.1796875;0.10546875;0.39453125;1.33984375;0.08984375;0.484375;0.390625;1.1875;0.2421875;0.58984375;0.12890625;1.0390625;0.01953125;0.08203125
0.1015625;0.5859375;0.421875;0.453125;0.17578125;0.42578125;0.6484375;0.90625;0.0078125;0.66796875;0.5625;0.65625;0.04296875;0.08984375;0.48046875;0.4375
1.10546875;0.56640625;0.02734375;0.23828125;1.015625;0.3046875;0.12890625;0.3515625;0.8984375;0.7109375;0.0546875;0.35546875;1.19140625;0.47265625;0.01171875;0.1796875
0.17578125;0.05859375;0.15625;0.3203125;0.51953125;0.3203125;0.21484375;0.2265625;0.109375;0.0234375;0.09375;0.203125;0.4765625;0.37890625;0.234375;0.0390625
0.12109375;0.23828125;0.1875;0.1796875;0.10546875;0.14453125;0.2421875;0.7890625;0.4765625;0.36328125;0.0546875;0.61328125;0.16796875;0.109375;0.23828125;0.84765625
0.09765625;0.82421875;0.1953125;0.42578125;0.09375;0.12109375;0.76171875;0.97265625;0.69921875;1.10546875;0.3671875;1.1640625;0.73828125;0.1875;0.63671875;0.23828125
0.25;0.2109375;0.796875;0.3828125;0.25390625;0.1171875;0.44921875;0.11328125;0.19921875;0.265625;0.99609375;0.53125;0.19921875;0.12109375;0.63671875;0.15625
0.05859375;0.30078125;0.01953125;0.16015625;0.38671875;0.75390625;0.23828125;0.1953125;0.1953125;0.25390625;0.2265625;0.375;0.359375;0.73828125;0.234375;0.265625
0.09765625;0.53515625;0.91796875;0.7734375;0.40625;0.17578125;0.2890625;0.87890625;1.234375;0.5078125;0.25390625;0.0390625;0.72265625;0.171875;0.1171875;0.4921875
0.078125;0.0234375;0.44921875;0.15234375;0.58203125;0.5078125;0.65625;0.015625;0.8671875;0.40234375;0.8359375;0.23046875;0.3203125;0.13671875;0.5703125;0.08984375
0.75;0.953125;0.0703125;0.50390625;0.29296875;0.39453125;0.046875;0.12109375;0.8359375;0.43359375;0.3515625;0.53515625;0.15625;0.52734375;0.15234375;0.15625
0.14453125;0.02734375;0.69921875;0.1484375;0.234375;0.1796875;0.484375;0.32421875;0.3203125;0.3359375;0.78515625;0.5390625;0.0703125;0.12109375;0.453125;0.48828125
0.046875;0.12109375;0.37890625;0.19140625;0.046875;0.0234375;0.578125;0.859375;0.015625;0.1484375;0.19921875;0.25390625;0.07421875;0.16015625;0.31640625;0.27734375
0.70703125;0.51953125;1.0859375;0.24609375;0.73046875;0.02734375;0.96875;0.08984375;0.75390625;0.51171875;1.12890625;0.17578125;0.73828125;0.2421875;1.296875;0.546875
0.453125;0.25;0.30859375;0.62109375;0.80078125;0.26171875;0.6953125;0.3828125;0.55078125;0.20703125;0.6953125;0.13671875;0.3515625;0.046875;0.30859375;0.2890625
0.1328125;0.171875;0.33203125;0.6484375;0.4609375;0.51171875;0.26953125;0.31640625;0.171875;0.2734375;0.07421875;0.48046875;0.12890625;0.015625;0.12890625;0.78515625
0.21875;0.40234375;0.2109375;0.1171875;0.453125;0.23046875;0.15625;0.3125;0.63671875;0.078125;0.14453125;0.30078125;0.2890625;0.1484375;0.08984375;0.3203125
0.30859375;0.09375;0.26171875;0.2890625;0.25390625;0.16015625;0.078125;0.12109375;0.45703125;0.07421875;0.17578125;0.546875;0.43359375;0.30859375;0.078125;0.1796875
0.015625;0.57421875;0.328125;0.296875;0.11328125;0.41796875;0.2109375;0.40625;0.140625;0.515625;0.47265625;0.9296875;0.390625;0.2109375;0.03515625;0.48828125
0.4921875;0.3671875;0.23828125;0.015625;0.1953125;0.046875;0.0859375;0.02734375;0.6484375;0.49609375;0.27734375;0.203125;0.15234375;0.62890625;0.21484375;0.12109375
0.3828125;0.546875;0.42578125;0.2109375;0.75390625;0.76171875;0.484375;0.203125;1.3984375;0.609375;0.1640625;0.515625;1.01953125;0.328125;0.03515625;0.6796875
0.65234375;0.4296875;0.01953125;0.72265625;0.20703125;0.34375;0.640625;0.27734375;0.46484375;0.234375;0.1875;0.7734375;0.35546875;0.43359375;0.22265625;0.5078125
0.17578125;0.46875;0.42578125;0.25;0.1953125;0.234375;0.15625;0.18359375;0.45703125;0.609375;0.44921875;0.078125;0.33203125;0.43359375;0.48046875;0.20703125
0.44140625;0.06640625;0.44921875;0.640625;0.46875;0.53515625;0.94921875;0.80859375;0.4375;0.44921875;0.640625;0.4375;0.4453125;0.44921875;1.06640625;0.7890625
0.41796875;0.546875;0.015625;0.09375;0.5078125;0.59765625;0.08203125;0.09375;0.22265625;0.90234375;0.5390625;0.43359375;0.32421875;0.5234375;0.44140625;0.33984375
0.62109375;0.109375;0.00390625;0.23046875;0.01953125;0.1484375;0.015625;0.109375;0.37890625;0.41796875;0.19921875;0.30859375;0.43359375;0.05859375;0.01171875;0.078125
0.8828125;0.54296875;0.10546875;0.0703125;0.34375;0.05078125;0.015625;0.1953125;0.5546875;0.35546875;0.48828125;0.046875;0.41796875;0.1875;0.0234375;0.16015625
0.3046875;0.203125;0.2734375;0.046875;0.0234375;0.08203125;0.09765625;0.2890625;0.1640625;0.24609375;0.48828125;0.07421875;0.0078125;0.12109375;0.5234375;0.49609375
0.7109375;0.40234375;0.41796875;0.05859375;0.57421875;0.48828125;0.76953125;0.625;0.3984375;0.54296875;0.47265625;0.22265625;0.53515625;0.1640625;1.03125;0.171875
0.19921875;0.31640625;0.40625;0.609375;0.30078125;0.171875;0.8046875;0.4765625;0.12109375;0.34765625;0.40625;0.69140625;0.06640625;0.04296875;0.91796875;0.4765625
0.01953125;0.05859375;0.46484375;0.05859375;0.0703125;0.50390625;0.2578125;0.21875;0.19140625;0.0234375;0.390625;0.21484375;0.09765625;0.08203125;0.51953125;0.125
0.8125;0.88671875;0.06640625;0.5078125;0.390625;0.44921875;0.23046875;0.58203125;0.734375;0.8984375;0.26171875;0.31640625;0.90234375;0.9375;0.00390625;0.74609375
0.58984375;0.94140625;0.3203125;0.00390625;0.38671875;0.6328125;0.5546875;0.40625;0.55078125;0.55078125;0.25390625;0.0390625;0.625;0.7265625;0.01171875;0.17578125
0.3046875;0.16015625;0.05078125;0.0625;0.06640625;0.2890625;0.359375;0.22265625;0.1015625;0.375;0.3125;0.30078125;0.26953125;0.0234375;0.04296875;0.24609375
0.38671875;0.078125;0.83203125;0.34765625;0.3984375;0.09765625;0.66796875;0.30078125;0.984375;0.07421875;0.88671875;0.6796875;0.35546875;0.51953125;0.765625;0.52734375
0.328125;0.15234375;0.01953125;0.52734375;0.05078125;0.109375;0.05859375;0.265625;0.45703125;0.0625;0.0546875;0.58984375;0.15234375;0.0546875;0.125;0.34375
0.1328125;0.00390625;0.56640625;0.36328125;0.0859375;0.25390625;0.5859375;0.40625;0.484375;0.57421875;0.31640625;0.21875;0.10546875;0.26171875;0.265625;0.125
0.2734375;0.5234375;0.48046875;0.8984375;0;0.05859375;0.171875;0.046875;0.05859375;0.60546875;0.22265625;0.59765625;0.24609375;0.1875;0.43359375;0.5078125
0.30078125;0.578125;0.28515625;0.0078125;0.12890625;0.33203125;0.08984375;0.0234375;0.3828125;0.1484375;0.40625;0.54296875;0.07421875;0.09765625;0.06640625;0.13671875
0.328125;0.19921875;0.546875;0.01171875;0.73828125;0.0390625;1.01171875;0.078125;0.30078125;0.26171875;0.390625;0.43359375;0.80859375;0.05859375;0.9609375;0.109375
0.3203125;0.0234375;0.55078125;0.34375;0.734375;0.1640625;0.3125;0.0234375;1.09375;0.015625;0.34375;0.38671875;0.84375;0.046875;0.03125;0.05859375
0.34375;0.203125;0.33203125;0.4140625;0.5625;0.60546875;0.2421875;0.6171875;0.75;0.4375;0.3125;1.09375;0.32421875;0.23828125;0.33203125;0.59375
0.8046875;0.08203125;0.31640625;0.42578125;0.390625;0.09375;0.1171875;0.015625;0.8359375;0.1015625;0.59375;0.17578125;0.45703125;0.1171875;0.10546875;0.140625
0.6015625;0.078125;0.1171875;0.2734375;0.4296875;0.40625;0.09375;0.13671875;0.7265625;0.61328125;0.12890625;0.46484375;0.46484375;0.21484375;0.3671875;0.26171875
0.625;0.51953125;0.5703125;0.4921875;0.67578125;0.59765625;0.109375;0.3828125;0.16015625;0.7265625;0.375;0.32421875;0.28125;0.89453125;0.10546875;0.484375
0.44921875;0.76171875;0.14453125;0.24609375;0.5390625;0.5234375;0;0.0703125;0.49609375;0.79296875;0.20703125;0.2109375;0.8046875;0.65234375;0.12109375;0.28125
0.57421875;0.37890625;0.3203125;0.890625;0.4296875;0.015625;0.6953125;0.44921875;0.25390625;0.0390625;1.0546875;0.75;0.3671875;0.30859375;0.515625;0.78125
0.08984375;0.125;0.1171875;0.015625;0.33984375;0.17578125;0.4765625;0.1953125;0.17578125;0.1875;0.2890625;0.05078125;0.0625;0.078125;0.0859375;0.02734375
0.00390625;1.546875;0.9375;0.25390625;0.8671875;1.15625;0.25390625;0.44140625;0.37890625;1.06640625;0.34375;0.0703125;0;1.421875;0.79296875;0.3203125
0.06640625;0.26171875;0.2109375;0.08203125;0.1640625;0.359375;0.0859375;0.5625;0.01171875;0.1328125;0.4375;0.4296875;0.140625;0.63671875;0.13671875;0.16015625
0.28515625;0.328125;0.42578125;0.3671875;0.12109375;0.46875;0.23046875;0.10546875;0.0625;0.9609375;0.20703125;0.19921875;0.4609375;0.953125;0.10546875;0.109375
0.08984375;0.5859375;0.8125;0.2734375;0.1171875;0.28125;0.05078125;0.05859375;0.05078125;0.71875;0.875;0.30078125;0.46484375;0.51953125;0.50390625;0.01171875
0.38671875;0.1484375;0.0625;0.32421875;0.48046875;0.421875;0.015625;0.609375;0.578125;0.8671875;0.03515625;1.0546875;0.53125;0.49609375;0.21875;0.65625
0.125;0.0546875;0.1875;0.640625;0.6171875;0.53515625;0.1328125;0.20703125;0.33203125;0.70703125;0.2734375;0.796875;0.2421875;0.140625;0.1640625;0.30859375
0.82421875;0.0546875;0.02734375;0.15625;0.45703125;0.1171875;0.06640625;0.21875;0.8984375;0.2578125;0.58203125;0.5390625;0.73828125;0.171875;0.13671875;0.33984375
0.25;0.24609375;0.4453125;0.60546875;0.0546875;0.046875;0.0078125;0.890625;0.41015625;0.3359375;0.73828125;0.66015625;0.1953125;0.2109375;0.1640625;1.015625
0.328125;0.49609375;0.12890625;0.33203125;0.16796875;0.18359375;0.13671875;0.1328125;0.15234375;0.26953125;0.7890625;0.8671875;0.28125;0.45703125;0.02734375;0.5234375
0.2890625;0.09765625;0.3203125;0.06640625;0.12109375;0.44140625;0.23828125;0.1015625;0.56640625;0.375;0.375;0.13671875;0.140625;0.171875;0.26171875;0.12109375
0.7734375;0.359375;0.609375;0.33203125;0.33984375;0.0234375;0.2265625;0.265625;0.16796875;0.6015625;0.40625;0.03515625;0.46484375;0.140625;0.16015625;0.19921875
0.26171875;0.5;0.72265625;0.671875;0.0546875;0.38671875;0.2890625;0.3046875;0.26171875;0.63671875;0.5234375;0.97265625;0.30078125;0.25;0.91015625;0.88671875
0.8359375;0.25;0.734375;0.390625;0.6171875;0.26953125;0.5859375;0.89453125;0.33203125;0.29296875;0.3515625;0.25390625;0.63671875;0.17578125;0.25;0.609375
0.12890625;0.12890625;0.09375;0.08203125;0.48046875;0.27734375;0.01171875;0.00390625;0.265625;0.1171875;0.046875;0.12109375;0.02734375;0.2890625;0.05078125;0.03515625
0.359375;0.0546875;0.06640625;0.8046875;0.9140625;0.66796875;0.796875;0.36328125;0.68359375;0.46875;0.0546875;0.6171875;0.32421875;0.0234375;0.17578125;0.73828125
0.82421875;0.08203125;0.3671875;0.33984375;0.37890625;0.2421875;0.34765625;0.14453125;0.23046875;0.19140625;0.5546875;0.04296875;0.96484375;0.203125;0.63671875;0.18359375
0.0703125;0.72265625;0.69140625;0.80078125;0.6796875;0.3515625;0.09765625;0.5703125;0.20703125;0.0859375;0.03125;0.40625;0.01171875;0.75;0.359375;0.7578125
0.05078125;0.17578125;0.36328125;0.171875;0.265625;0.15234375;0.01953125;0.22265625;0.359375;0;0.03125;0.33203125;0.21875;0.2421875;0.234375;0.01171875
0.6015625;0.43359375;0.61328125;0.46484375;0.37890625;0.31640625;0.5546875;0.2109375;0.56640625;0.51171875;0.5859375;0.03125;0.34375;0.44921875;0.48828125;0.06640625
0.71875;0.21875;0.78125;0.48828125;0.23046875;0.01171875;0.2421875;0.07421875;0.7890625;0.1875;0.875;0.5859375;0.48046875;0.4921875;0.21875;0.125
0.08984375;0.05078125;0.51171875;0.328125;0.31640625;0.14453125;0.7109375;0.53125;0.5625;0.140625;0.83984375;0.66796875;0.13671875;0.3046875;0.53125;0.3203125
0.6484375;0.109375;0.4375;0.35546875;0.5390625;0.15625;0.08203125;0.28515625;0.71484375;0.0390625;0.58203125;0.421875;0.48828125;0.015625;0.16015625;0.27734375
1.1875;0.59765625;0.5234375;0.0859375;0.6171875;0.2421875;0.23046875;0.15234375;1.03125;0.28515625;0.0625;0.28515625;0.94140625;0.1796875;0.2265625;0.16796875
0.0546875;0.03125;0.15625;0.17578125;0.19140625;0.53125;0.1953125;0.9140625;0.0078125;0.21875;0.3203125;0.65625;0.1484375;0.44140625;0.1171875;0.921875
0.21484375;0.53515625;0.4140625;0.1484375;0.3515625;0;0.125;0.1796875;0.54296875;0.09765625;0.21875;0.49609375;0.17578125;0.19921875;0.390625;0.43359375
0.37109375;0.3203125;0.09375;0.4375;0.55078125;0.1796875;0.0546875;0.6875;0.48828125;0.1484375;0.25;0.71875;0.41796875;0.28515625;0.1015625;0.6015625
0.265625;0.2109375;0.828125;0.0625;0.3828125;0.11328125;0.375;0.18359375;0.3125;0.41015625;0.796875;0.30859375;0.19140625;0.109375;0.3359375;0.08984375
1.21484375;0.19140625;0.41015625;0.2109375;0.76953125;0.3203125;0.0859375;0.23828125;1.73828125;0.296875;0.29296875;0.19140625;1.73046875;0.234375;1.00390625;0.375
0.28125;0.125;0.09765625;0.1484375;0.5390625;0.3125;0.13671875;0.24609375;0.3984375;0.1640625;0.1953125;0.0546875;0.671875;0.09765625;0.0546875;0.109375
0.4140625;0.28515625;0.27734375;0.26953125;0.27734375;0.625;0.1640625;0.15625;0.46484375;0.3515625;0.28125;0.29296875;0.0546875;0.48046875;0.12109375;0.0859375
0.4921875;0.32421875;0.03125;0.25390625;0.3203125;0.33984375;0.79296875;0.23828125;0.59765625;0.23046875;0.41796875;0.1015625;0.48046875;0.3828125;0.00390625;0.09375
0.03125;0.62109375;0.0234375;0.27734375;0.19140625;0.22265625;0.30078125;0.171875;0.2265625;0.73828125;0;0.234375;0.11328125;0.7109375;0.19140625;0.1328125
0.29296875;0.0390625;0.3515625;0.3046875;0.3984375;0.3203125;0.9140625;0.078125;0.33203125;0.28515625;0.3203125;0.0703125;0.37109375;0.203125;0.08203125;0.2578125
0.58984375;0.046875;0.125;0.53125;0.734375;0.34765625;0.1015625;1.1953125;0.875;0.09765625;0.01171875;1.0625;0.60546875;0.22265625;0.0078125;0.47265625
0.08203125;0.8046875;1.21875;0.01171875;0.25;0.46484375;0.83984375;0.03515625;0.5859375;0.7421875;1.36328125;0.25390625;0.30859375;0.51953125;0.96484375;0.0078125
0.8125;0.04296875;0.66015625;0.12890625;0.25;0.01171875;0.2734375;0.11328125;0.88671875;0.1171875;0.71484375;0.07421875;0.65625;0.4765625;0.6171875;0.26171875
0.03125;0.32421875;0.390625;0.19140625;0.06640625;0.18359375;0.34765625;0.265625;0.46875;0.49609375;0.11328125;0.3984375;0.5234375;0.31640625;0.14453125;0.27734375
0.62109375;0.328125;0.6953125;0.03515625;0.0234375;0.0546875;0.01171875;0.58203125;0.328125;0.359375;0.65625;0.2421875;0.703125;0.2109375;0.34765625;0.33984375
0.3671875;0.48828125;0.2265625;0.08203125;0.23046875;0.1015625;0.10546875;0.05078125;0.10546875;0.453125;0.00390625;0.34765625;0.33203125;0.18359375;0.28125;0.12890625
0.43359375;0.19921875;0.48046875;0.1875;0.34765625;0.19140625;1.30078125;0.734375;0.08984375;0.1875;0.62890625;0.07421875;0.296875;0.15234375;1.39453125;0.71875
0.4453125;0.17578125;0.171875;0.22265625;0.2421875;0.09375;0.43359375;0.0703125;0.54296875;0.09765625;0.87109375;0.3515625;0.19140625;0.24609375;0.58203125;0.0078125
0.84375;0.3515625;0.41796875;0.546875;0.76171875;0.3046875;0.1015625;0.56640625;0.76171875;0.08984375;0.46875;0.140625;0.890625;0.33984375;0.3203125;0.4765625
0;0.9609375;0.7890625;0.19921875;0.16796875;0.36328125;0.26953125;0.2578125;0.1171875;0.3203125;0.6640625;0.1328125;0.203125;0.54296875;0.23046875;0.26171875
0.3984375;0.4375;0.546875;0.0703125;0.13671875;0.30859375;0.2421875;0.3125;0.125;0.1640625;0.47265625;0.25;0.7109375;0.125;0.6171875;0.02734375
0.53125;0.42578125;0.05859375;0.390625;0.390625;0.4375;0.61328125;0.578125;0.375;0.72265625;0.0859375;0.0859375;0.109375;0.64453125;0.2890625;0.31640625
0.37890625;0.0078125;0.3046875;0.25390625;0.86328125;0.62109375;0.48828125;0.0078125;0.37109375;0.046875;0.38671875;0.203125;0.8203125;0.421875;0.33203125;0.3359375
0.83984375;0.44921875;0.3125;0.12890625;0.9765625;0.3359375;0.875;0.484375;0.76171875;0.4765625;0.88671875;0.26953125;0.6640625;0.4453125;0.38671875;0.04296875
0.0625;0.19921875;0.34765625;0.2265625;0.2578125;0.0546875;0.3515625;0.5546875;0.1640625;0.046875;0.3125;0.23828125;0.234375;0.09765625;0.22265625;0.4765625
0.0625;0.4375;0.34765625;0.6484375;0.7578125;0.05859375;0.21875;0.72265625;0.30859375;0.23046875;0.01953125;0.3359375;0.0546875;0.46875;0.03515625;0.296875
0.2890625;0.21875;0.28125;0.00390625;0.35546875;0.484375;0.265625;0.30859375;0.3046875;0.6015625;0.1875;0.1796875;0.2265625;0.26953125;0.3828125;0.0234375
0.1796875;0.44921875;0.5234375;0.046875;0.1171875;0.24609375;0.2265625;0.08203125;0.44140625;0.15625;0.1640625;0.03515625;0.1953125;0.45703125;0.046875;0.15234375
0.0703125;0.0234375;0.125;0.6015625;0.109375;0.0625;0.046875;0.24609375;0.05078125;0.046875;0.12109375;0.59375;0.00390625;0.20703125;0.0859375;0.96484375
0.24609375;0.34375;0.46484375;0.0078125;0.4453125;0.734375;0.76953125;0.02734375;0.8203125;0.90234375;0.61328125;0.0859375;0.58984375;0.33984375;0.1484375;0.02734375
0.32421875;1.1015625;0.21484375;0.7421875;0.79296875;0.3046875;0.7890625;0.26953125;0.51171875;1.11328125;0.6328125;1.1875;0.4296875;0.703125;0.3125;0.3046875
0.26171875;0.4609375;0.49609375;0.1328125;0.19140625;0.23046875;0.34765625;0.0546875;0.30859375;0.23828125;0.28125;0.5390625;0.1171875;0.16015625;0.5234375;0.18359375
0.234375;0.29296875;0.64453125;0.5;0.19921875;0.2734375;0.015625;0.66796875;0.62109375;0.34765625;0.56640625;0.75390625;0.3671875;0.328125;0.0078125;0.765625
0.5703125;0.19921875;0.5546875;0.29296875;0.375;0.65234375;0.09765625;0.26171875;0.19140625;0.31640625;0.10546875;0.109375;0.140625;0.61328125;0.36328125;0.34375
0.12109375;0.05859375;0.1171875;0.46484375;0.203125;0.03515625;0.015625;0.76953125;0.01171875;0.06640625;0.0234375;0.55859375;0.015625;0.04296875;0.0625;0.57421875
0.31640625;0.6953125;0.21484375;0.52734375;0.0859375;0.17578125;0.05859375;0.046875;0.39453125;0.328125;0.34375;0.21875;0.09375;0.2734375;0.1171875;0.203125
0.53515625;0.65234375;0.37890625;0.6953125;0.26953125;0.7109375;0.53125;0.3828125;0.55078125;1.0234375;1;0.78125;0.40234375;0.625;0.484375;0.41015625
1.39453125;0.546875;0.08203125;0.3359375;1.18359375;1.015625;0.2578125;0.0546875;0.68359375;0.63671875;0.11328125;0.15625;0.44921875;0.78125;0.1328125;0.26953125
0.6640625;0.29296875;0.42578125;0.05859375;0.40234375;0.30078125;0.921875;0.07421875;0.72265625;0.28125;0.40234375;0.0390625;0.51953125;0.2578125;1.1015625;0.10546875
0.3046875;0.359375;0.890625;0.3828125;0.04296875;0.89453125;0.78515625;0.0546875;0.3828125;0.75390625;1.23828125;0.56640625;0.0703125;0.31640625;0.91796875;0.51953125
0.12890625;0.51171875;0.04296875;0.34375;0.0390625;0.44921875;0.71875;0.23046875;0.05859375;0.296875;0.12890625;0.453125;0.234375;0.63671875;0.37890625;0.3125
0.49609375;0.734375;0.53515625;0.453125;0.08203125;0.15625;0.5859375;0.0625;0.01953125;0.046875;0.52734375;0.24609375;0.27734375;0.58984375;0.6875;0.6875
0.1328125;0.296875;0.1015625;0.4296875;0.13671875;0.02734375;0.07421875;0.58984375;0.484375;0.11328125;0.08203125;0.765625;0.03125;0.20703125;0.08203125;0.359375
0.0234375;1.21875;0.171875;0.51171875;0.18359375;0.83203125;0.078125;0.30859375;0.23046875;0.98046875;0.07421875;0.71484375;0.0390625;0.66796875;0.08203125;0.23046875
0.37890625;0.06640625;0.1953125;0.0078125;0.0625;0.06640625;0.08203125;0.03515625;0.35546875;0.0234375;0.15234375;0.0703125;0.4453125;0.10546875;0.5234375;0.3515625
0.75;0.1171875;0.20703125;0.0078125;0.93359375;0.08984375;0.36328125;0.125;0.578125;0.0859375;0.4296875;0.828125;0.125;0.15234375;0.234375;0.8203125
0.29296875;1.15625;0.37890625;0.55859375;0.90234375;0.50390625;0.51953125;0.2109375;0.6015625;0.56640625;0.0546875;0.78125;0.12109375;1.00390625;0.58203125;0.09375
0.5234375;0.359375;0.18359375;0.12890625;0.25390625;0.16015625;0.01953125;0.08984375;0.14453125;0.4921875;0.06640625;0.37109375;0.0859375;0.22265625;0.1328125;0.01953125
0.28125;0;0.2109375;0.3359375;0.4765625;0.01171875;0.171875;0.42578125;0.00390625;0.13671875;0.03125;0.59375;0.30859375;0.13671875;0.31640625;0.5234375
0.51953125;0.8515625;0.3671875;0.41796875;0.43359375;0.46875;0.19921875;0.11328125;0.1328125;0.1171875;0.19140625;0.8125;0.03515625;0.03125;0.015625;0.1875
0.3984375;0.328125;1.078125;0.46484375;0.26171875;0.80078125;1.4296875;1.16796875;0.07421875;0.46875;1.65234375;1.53515625;0.33203125;0.43359375;1.14453125;0.67578125
0.3984375;0.19140625;0.25;0.27734375;0.07421875;0.1484375;0.0234375;0.04296875;0.53125;0.19921875;0.4765625;0.21484375;0;0.234375;0.13671875;0.19140625
0.56640625;0.1328125;1.15234375;0.0625;0.12109375;0.4375;0.53515625;0.5625;0.375;0.39453125;1.02734375;0.16796875;0.84375;0.0546875;0.95703125;0.7265625
0.40625;0.05859375;0.12890625;0.10546875;0.4453125;0.140625;0.1015625;0.6328125;0.28515625;0.20703125;0.2890625;0.1953125;0.20703125;0.0859375;0.47265625;0.1484375
0.57421875;0.09765625;0.6328125;0.484375;0.234375;0.12890625;0.62109375;0.3515625;0.62890625;0.10546875;0.66796875;0.5234375;0.46875;0.07421875;0.6875;0.59765625
0.84765625;0.27734375;0.1953125;0.01171875;0.80859375;0.015625;0.34765625;0.109375;0.86328125;0.05078125;0.2109375;0.046875;0.703125;0.16796875;0.14453125;0.00390625
0.69921875;0.50390625;0.4140625;0.37890625;0.4765625;0.484375;0.140625;0.640625;0.6015625;0.28515625;0.25;0.19140625;0.75390625;0.80859375;0.2890625;0.4375
0.125;0.828125;0.2109375;0.42578125;0.1484375;0.96484375;0.01953125;0.01953125;0.17578125;0.5234375;0.17578125;0.10546875;0.31640625;0.73046875;0.26953125;0.48046875
0.12109375;0.15625;0.11328125;0.38671875;0.02734375;0.28515625;0.54296875;0.359375;0.2578125;0.390625;0.58203125;0.2890625;0.30078125;0.0625;0.26953125;0.51171875
1.0390625;0.51953125;0.04296875;0.171875;0.73046875;0.32421875;0.03125;0.32421875;1.125;0.62890625;0.19140625;0.703125;0.7109375;0.74609375;0.05859375;0.5703125
0.578125;0.1875;0.10546875;0.08203125;0.1953125;0.16796875;0.16015625;0.15625;0.61328125;0.25390625;0.15625;0.0234375;0.30859375;0.359375;0.2109375;0.05859375
0.18359375;0.3515625;0.33203125;0.2421875;0.4609375;0.484375;0.51953125;0.32421875;0.58203125;0.49609375;0.12109375;0.62109375;0.07421875;0.36328125;0.1640625;0.4296875
0.48828125;0.05078125;0.34375;0.35546875;0.4140625;0.765625;0.2890625;0.640625;0.50390625;0.015625;0.53515625;0.05859375;0.4609375;0.19921875;0.38671875;0.19921875
0.00390625;0.48828125;0.98046875;0.4921875;0.15234375;0.32421875;1.203125;0.2109375;0.015625;0.66796875;1.16796875;0.38671875;0.08203125;0.23046875;0.76953125;0.3984375
0.29296875;0.203125;0.38671875;0.35546875;0.09765625;0.328125;0.18359375;0.32421875;0.0234375;0.37109375;0.12890625;0.13671875;0.015625;0.375;0.203125;0.35546875
0.60546875;0.57421875;0.61328125;0.13671875;1.12890625;0.23046875;0.04296875;0.66015625;0.52734375;0.453125;0.53125;0.6875;0.421875;0.7109375;0.8515625;0.8203125
0.578125;0.47265625;0.6328125;0.06640625;0.23828125;0.5234375;0.3515625;0.125;0.65234375;0.30859375;0.76953125;0.01171875;0.5546875;0.1953125;0.71875;0.04296875
0.765625;0.90234375;0.046875;0.390625;0.33984375;0.88671875;0.37890625;0.37109375;0.4296875;0.625;0.16015625;0.43359375;1.01171875;0.75;0.2109375;0.70703125
0.08203125;0.25;0.421875;0.625;0.515625;0.42578125;0.51171875;0.5390625;0.08203125;0.14453125;0.33984375;0.50390625;0.03515625;0.1640625;0.16796875;0.59375
0.10546875;0.00390625;0.37890625;0.69921875;0.03515625;0.09765625;0.37890625;0.046875;0.0546875;0.0390625;0.57421875;1.02734375;0.1171875;0.0078125;0.34375;0.42578125
0.6171875;0.08984375;0.984375;0.234375;0.53125;0.203125;0.67578125;0.140625;0.95703125;0.1171875;1.28515625;0.25390625;0.30078125;0.25;0.640625;0.234375
0.38671875;0.22265625;0.11328125;0.3125;0.671875;0.078125;0.47265625;0.42578125;0.734375;0.19921875;0.8203125;0.48046875;0.8515625;0.1796875;0.96484375;0.28515625
0.34375;0.31640625;0.25;0.39453125;0.078125;0.1796875;0.40625;0.2421875;0.0390625;0.1640625;0.046875;0.71875;0.12109375;0.046875;0.34765625;0.47265625
0.15234375;0.078125;0.18359375;0.5;0.0390625;0.01953125;0.1484375;0.23828125;0.37109375;0.15234375;0.0078125;0.2421875;0.08984375;0.51953125;0.0078125;0.14453125
0.35546875;0.03515625;0.1484375;0.3828125;0.69921875;0.3515625;0.0234375;0.484375;0.51953125;0.24609375;0.3515625;0.54296875;0.73828125;0.3828125;0.12109375;0.46875
0.14453125;0.32421875;0.1796875;0.828125;0.21484375;0.18359375;0.078125;0.3984375;0.02734375;0.3828125;0.21875;0.4296875;0.14453125;0.4765625;0.28125;0.37109375
0.48046875;0.5625;0.05859375;0.54296875;0.1875;0.71484375;0.203125;0.171875;0.5;0.54296875;0.109375;0.21875;0.68359375;0.7578125;0.06640625;0.61328125
0.375;0.21875;0.3671875;0.046875;0.375;0.05078125;0.3203125;0.046875;0.95703125;0.16796875;0.16015625;0.45703125;0.06640625;0.03125;0.3125;0.0546875
0.0703125;0.23046875;0.4296875;0.4140625;0.59765625;0.01953125;0.05859375;0.62890625;0.24609375;0.00390625;0.078125;0.2890625;0.05859375;0.17578125;0.33203125;0.23046875
0.33984375;0.453125;0.2734375;0.12890625;0.515625;0.375;0.53515625;0.10546875;0.421875;0.32421875;0.2578125;0.09375;0.26171875;0.43359375;0.30078125;0.16015625
0.71875;0.60546875;0.40234375;0.52734375;0.46484375;0.328125;0.62109375;0.45703125;0.4921875;0.19140625;0.609375;0.73046875;0.1484375;0.2734375;0.3515625;0.02734375
0.19921875;0.69140625;0.4296875;0.24609375;0.58984375;0.9609375;0.09765625;0.2578125;0.45703125;0.7265625;0.18359375;0.15234375;0.62890625;1.0546875;0.16015625;0.078125
0;0.13671875;0.1171875;0.1875;0.00390625;0.0546875;0.0703125;0.0546875;0.12890625;0.23046875;0.078125;0.09765625;0.2890625;0.1015625;0.01953125;0.078125
0.86328125;0.52734375;0.0078125;0.13671875;0.7578125;0.59375;0.05078125;0.0390625;0.60546875;0.7109375;0.37890625;0.10546875;0.83984375;0.68359375;0.52734375;0.078125
0.51953125;0.31640625;0.36328125;0.125;0.39453125;0.125;0.3515625;0.06640625;0.02734375;0.17578125;0.42578125;0.4765625;0.3515625;0.03515625;0.35546875;0.4765625
0.30859375;0.8359375;0.1484375;0.625;0.6328125;0.42578125;0.734375;0.2578125;0.28125;0.3125;0.83203125;0.71875;0.26953125;0.90234375;0.5;0.86328125
0.5;0.5;0.359375;0.76953125;0.14453125;0.19921875;0.49609375;0.35546875;0.25390625;0.10546875;0.88671875;0.6171875;0.1875;0.02734375;0.44921875;0.2578125
0.02734375;0.32421875;0.0078125;0.01171875;0.01953125;0.31640625;0.421875;0.11328125;0.04296875;0.140625;0.15234375;0.19921875;0.0625;0.28515625;0.1640625;0.26953125
0.6171875;0.68359375;0.22265625;0.5;0.6484375;0.87109375;0.39453125;0.09765625;0.73828125;0.73828125;0.03125;0.78125;0.87109375;1.09765625;0.375;0.39453125
0.140625;0.33203125;0.01953125;0.29296875;0.10546875;0.34375;0.1796875;0.171875;0.578125;0.6640625;0.1875;0.109375;0.47265625;0.95703125;0.77734375;0.546875
0.16796875;0.44140625;0.28125;0.26953125;0.35546875;0.07421875;0.16015625;0.31640625;0.5703125;0.46484375;0.1328125;0.078125;0.46484375;0.21484375;0.30859375;0.3125
0.80078125;0.0703125;0.69921875;0.26171875;0.20703125;0.3046875;0.40625;0.4453125;0.37890625;0.01171875;0.4765625;0.3125;0.40234375;0.26953125;0.4296875;0.08984375
0.453125;0.3046875;0.1171875;0.4453125;0.09765625;0.046875;0.125;0.2421875;0.30859375;0.01171875;0.06640625;0.4296875;0.34375;0.27734375;0.09375;0.33203125
0.19140625;0.15234375;0.484375;0.359375;0.66796875;0.01171875;0.19921875;0.23828125;0.57421875;0.1796875;0.29296875;0.2421875;0.12109375;0.3671875;0.44140625;0.296875
0.0546875;0.0703125;0.19140625;0.01171875;0.05078125;0.62109375;0.04296875;0.69921875;0.03515625;0.33203125;0.14453125;0.60546875;0.1328125;0.06640625;0.12109375;0.0078125
0.25390625;0.33984375;0.1171875;0.40625;0.12109375;0.234375;0.01171875;0.7734375;0.02734375;0.41015625;0.12109375;0.734375;0.26953125;0.2578125;0.04296875;0.171875
0.1015625;0.8671875;0.46484375;0.1171875;0.3203125;0.37109375;0.484375;0.265625;0.49609375;0.109375;0.64453125;0.11328125;0.09765625;0.19140625;0.2890625;0.14453125
0.65234375;0.11328125;0.00390625;0.421875;1.28515625;0.42578125;0.05078125;0.11328125;0.75390625;0.10546875;0.23046875;0.24609375;0.765625;0.41015625;0.4765625;0.62890625
0.14453125;0.2109375;0.18359375;0.7890625;0.5703125;0.6796875;0.140625;0.0234375;0.57421875;0.49609375;0.34375;0.8359375;0.36328125;0.28125;0.33203125;0.83984375
1.04296875;0.37109375;0.3359375;0.421875;0.75390625;0.15625;0.22265625;0.48046875;1.0859375;0.16796875;0.6015625;0.4140625;1.0546875;0.05078125;0.66015625;0.4375
0.46484375;0.53125;0.0390625;0.2578125;0.4765625;0.7890625;0.16796875;0.25;0.37109375;0.30859375;0.3984375;0.18359375;0.26171875;0.39453125;0.33203125;0.11328125
0.375;0.43359375;0.38671875;0.1171875;0.484375;0.7578125;0.1484375;0.5078125;0.44921875;0.4453125;0.5;0.14453125;0.203125;0.765625;0.00390625;0.18359375
1.10546875;0.5625;0.41015625;0.05078125;0.1015625;0.515625;0.046875;0.08984375;0.71875;0.734375;0.01171875;0.109375;0.07421875;0.40625;0.02734375;0.1953125
0.078125;0.0546875;0.2734375;0.07421875;0.44140625;0.28515625;0.84375;0.87890625;0.71875;0.421875;0.6875;1.0078125;0.62890625;0.31640625;0.81640625;0.7890625
0.3671875;0.09765625;0.1953125;0.234375;0.40234375;0.0546875;0.33984375;0.12890625;0.06640625;0.0390625;0.015625;0.02734375;0.41796875;0.03515625;0.39453125;0.234375
0.4453125;0.796875;0.1796875;0.2734375;0.1953125;0.55859375;0.109375;0.19921875;0.16796875;1.20703125;0.55859375;0.1015625;0.79296875;1.5546875;0.6171875;0.359375
0.0546875;0.1015625;0.41015625;0.3359375;0.1328125;0.84765625;0.44921875;0.10546875;0.05859375;0.91796875;0.1875;0.1640625;0.06640625;0.87890625;0.50390625;0.0234375
0.0390625;0.94140625;0.14453125;0.1796875;0.3125;0.51171875;0.109375;0.21875;0.07421875;0.34375;0.09765625;0.03515625;0.484375;0.078125;0.34765625;0.171875
0.11328125;0.71484375;0.37890625;0.05859375;0.51953125;0.52734375;0.6015625;0.06640625;0.20703125;0.6796875;0.76171875;0.2265625;0.21875;0.80078125;0.7578125;0.19140625
0.390625;0.3359375;0.28125;0.6640625;0.1953125;0.67578125;0.609375;0.96484375;0.5234375;0.74609375;0.2890625;1.08984375;0.3515625;0.1640625;0.34765625;0.53515625
0.4609375;0.41796875;0.29296875;0.265625;0.08984375;0.4296875;0.1328125;0.70703125;0.16796875;0.35546875;0.15234375;0.453125;0.30859375;0.06640625;0.06640625;0.0390625
0.83203125;0.3203125;0.24609375;0.359375;1.04296875;0.15234375;0.03125;0.6484375;0.8359375;0.40234375;0.1015625;0.50390625;0.7265625;0.109375;0.18359375;0.26953125
0.25390625;0.0625;0.6328125;0.46875;0.2890625;0.15625;0.51953125;0.609375;0.3515625;0.40234375;0.46875;0.8125;0.14453125;0.21484375;0.04296875;0.04296875
0.171875;0.13671875;0.6171875;0.8125;0.46484375;0.47265625;0.2578125;0.12890625;0.0078125;0.03515625;0.21484375;0.4296875;0.203125;0.5390625;0.5703125;0.1640625
0.203125;0.30078125;0.19140625;0.1953125;0.484375;0.48046875;0.49609375;0.05078125;0.0234375;0.29296875;0.09375;0.1015625;0.0546875;0.1796875;0.1484375;0.1796875
0.69921875;0.12109375;0.8203125;0.671875;0.75390625;0.0546875;0.3828125;0.18359375;0.296875;0.09375;0.29296875;0.05078125;0.41796875;0.640625;0.59765625;0.10546875
0.15234375;0.16015625;0.2890625;0.6953125;0.06640625;0.71484375;0.9140625;0.64453125;0.19921875;0.21484375;0.86328125;0.6953125;0.1171875;0.0546875;0.55078125;0.5703125
0.15625;0.37890625;0.5703125;0.41796875;0.72265625;0.23046875;0.5546875;0.546875;0.34765625;0.18359375;0.24609375;0.97265625;0.015625;0.37890625;0.38671875;0.52734375
0.6875;0.21875;0.41796875;0.0859375;0.25390625;0.15234375;0.28125;0.0234375;0.4296875;0.3046875;0;0.0703125;0.046875;0.14453125;0.22265625;0.0703125
0.40234375;0.3203125;0.35546875;0.1953125;0.73046875;0.40234375;0.015625;0.60546875;0.72265625;0.3125;0.40625;0.8203125;0.94140625;0.58203125;0.7734375;0.6015625
0.73046875;0.07421875;0.2109375;0.2578125;0.1875;0.046875;0.26171875;0.17578125;0.88671875;0.2265625;0.56640625;0.07421875;0.45703125;0.1171875;0.55859375;0.0859375
0.6171875;0.19140625;0.25390625;0.5859375;0.3984375;0.15234375;0.3046875;0.328125;0.10546875;0.3828125;0.25390625;0.5625;0.72265625;0.13671875;0.53515625;0.86328125
0.34375;0.09765625;0.09375;0.3203125;0.24609375;0.34765625;0.265625;0.00390625;0.015625;0.00390625;0.62109375;0.06640625;0.21875;0.27734375;0.375;0.05859375
0.2890625;0.125;0.75390625;0.09765625;0.16015625;0.36328125;0.1640625;0.17578125;0.265625;0.2890625;0.3515625;0.0859375;0.27734375;0.14453125;0.48828125;0.328125
0.37890625;0.12109375;0.37890625;0.421875;0.56640625;0.5;0.25390625;0.01171875;0.71484375;0.25;0.66015625;0.38671875;0.74609375;0.1484375;0.6640625;0.26953125
0.359375;0.05859375;0.81640625;0.6328125;0.74609375;0.55859375;0.8828125;0.91796875;0.62890625;0.14453125;0.953125;0.8046875;0.2734375;0.015625;0.7421875;0.58984375
0.41015625;0.0546875;0.16796875;0.26171875;0.65625;0.1484375;0.5;0.3671875;0.72265625;0.14453125;0.23046875;0.33984375;0.3046875;0.01171875;0.0078125;0.1875
1.0625;0.08203125;0.3125;0.31640625;1.33984375;0.19921875;0.5625;0.07421875;1.1484375;0.12890625;0.46484375;0.328125;0.94921875;0.21484375;0.25390625;0.12109375
0.1015625;0.09375;0.73828125;0.9296875;0.06640625;0.04296875;0.3828125;0.79296875;0.07421875;0.0078125;0.05859375;0.18359375;0.1875;0.08203125;0.296875;0.7734375
0.61328125;0.26171875;0.14453125;0.38671875;0.31640625;0.33203125;0.42578125;0.21484375;0.0703125;0.1640625;0.0078125;0.328125;0.26953125;0.42578125;0.45703125;0.05859375
0.47265625;0.23828125;0.59375;0.75390625;0.46875;0.27734375;0.24609375;0.41796875;0.5390625;0.17578125;0.0546875;0.7734375;0.47265625;0.23828125;0.20703125;0.75390625
0.62109375;0.1640625;0.96484375;0.25;0.0234375;0.22265625;0.56640625;0.0390625;0.03125;0.265625;0.6640625;0.22265625;0.2109375;0.359375;0.9921875;0.2109375
1.33203125;0.39453125;0.484375;0.29296875;1.53515625;0.0234375;0.15234375;0.265625;1.56640625;0.21484375;0.87890625;0.37109375;1.31640625;0.03125;0.83203125;0.0859375
0.23828125;0.51953125;0.01953125;0.23046875;0.53515625;0.14453125;0.08203125;0.046875;0.5546875;0.15234375;0.33984375;0.1640625;0.52734375;0.6015625;0.0703125;0.09375
0.16796875;1.125;0.27734375;0.28125;0.50390625;0.0390625;0.1484375;0.03125;0.328125;0.64453125;0.1015625;0.08984375;0.21875;0.09765625;0.0703125;0.04296875
0.046875;0.234375;0.34375;0.171875;0.65625;0.19921875;0.2578125;0.1484375;0.59375;0.1328125;0.44921875;0.3203125;0.50390625;0.12109375;0.76953125;0.33203125
0.1484375;0.453125;0.21484375;0.51171875;0.4296875;0.72265625;0;0.69140625;0.1328125;0.48828125;0.2421875;0.02734375;0.33203125;0.94140625;0.171875;0.71484375
0.44140625;0.30078125;0.671875;0.1640625;0.24609375;0.1484375;0.4765625;0.046875;0.3125;0.21484375;0.21875;0.07421875;0.34375;0.16796875;1.12109375;0.0859375
0.6640625;0.01953125;0.03125;0.92578125;0.74609375;0.18359375;0.16015625;0.265625;0.88671875;0.24609375;0.06640625;0.5546875;0.6796875;0.12109375;0.15625;0.0625
0.5546875;0.0546875;0.76171875;0.26171875;0.26953125;0.52734375;0.5078125;0.0234375;0.2890625;0.48046875;0.58984375;0.0390625;0.2109375;0.25;0.46484375;0.078125
0.4921875;0.19921875;0.578125;0.046875;0.73046875;0.7421875;0.66796875;0.3125;0.80859375;0.171875;0.69140625;0.1484375;0.84375;0.30078125;0.7734375;0.15625
0.21484375;0.0234375;0.21484375;0.25390625;0.0234375;0.37109375;0.0859375;0.2734375;0.5;0.578125;0.1328125;0.3671875;0.203125;0.0234375;0.203125;0.20703125
0.16796875;0.1875;0.171875;0.2578125;0.2109375;0.359375;0.72265625;0.46875;0.15625;0.203125;0.46484375;0.109375;0.24609375;0.10546875;0.1171875;0.36328125
0.125;0.53125;0.12109375;0.17578125;0.13671875;0.55078125;0.27734375;0.2421875;0.0390625;0.61328125;0.43359375;0.1796875;0.203125;0.375;0.09765625;0.125
0.21875;0.234375;0.484375;0.04296875;0.08984375;0.1015625;0.73046875;0.1796875;0.53125;0.16796875;0.66015625;0.25390625;0.546875;0.1328125;0.52734375;0.40625
0.5234375;0.140625;0.2890625;0.36328125;0.42578125;0.0234375;1.16015625;0.0234375;0.46484375;0.0703125;0.4375;0.1328125;0.75390625;0.484375;0.41796875;0.328125
0.78125;0.23046875;0.1015625;0.18359375;0.39453125;0.29296875;0.31640625;0.703125;1;0.3046875;0.05859375;0.5390625;1.03515625;0.33203125;0.16015625;0.39453125
0.17578125;1.22265625;1.0625;0.2578125;0.203125;1.0390625;0.55078125;0.1953125;0.4609375;0.8515625;0.65625;0.125;0.10546875;0.734375;0.94921875;0.14453125
0.203125;0.22265625;0.28515625;0.17578125;0.0234375;0.375;0.56640625;0.33984375;0.60546875;0.10546875;0.58203125;0.0078125;0.52734375;0.375;0.37109375;0.015625
0.59765625;0.5703125;0.703125;0.01953125;0.32421875;0.61328125;0.0078125;0.29296875;0.16015625;0.25;0.7265625;0.6796875;0.4375;0.88671875;0.609375;0.1953125
0.2734375;0.18359375;0.80859375;0.03515625;0.625;0.33203125;0.1015625;0.0703125;0.95703125;0.64453125;0.58984375;0.0703125;0.45703125;0.11328125;0.01171875;0.203125
0.49609375;0.1640625;0.42578125;0.0859375;1.078125;0.33203125;0.95703125;0.3515625;1.0546875;0.56640625;0.62109375;0.4296875;1.0625;0.51953125;0.828125;0.55078125
0.21484375;0.28515625;0.03515625;0.28515625;0.35546875;0.3359375;0.3828125;0.03125;0.36328125;0.01171875;0.01953125;0.5859375;0.23046875;0.359375;0.33984375;0.21875
0.32421875;0.16796875;0.015625;0.19140625;0.1484375;0.14453125;0.1875;0.22265625;0.11328125;0.328125;0.0625;0.3671875;0.68359375;0.1171875;0.5390625;1.10546875
0.24609375;0.5390625;0.015625;0.23046875;0.22265625;0.32421875;0.51171875;0.1484375;0.34375;0.203125;0.7265625;0.1640625;0.19921875;0.24609375;0.52734375;0.23828125
0.0078125;0.07421875;0.11328125;0.421875;0.33203125;0.05859375;0.04296875;0.296875;0.2734375;0.01953125;0.171875;0.078125;0.09765625;0.0703125;0.296875;0.24609375
0.171875;0.07421875;0.02734375;0.46875;0.09765625;0.30859375;0.14453125;1.08984375;0.0625;0.16015625;0.02734375;0.734375;0.0625;0.3046875;0.125;0.75390625
0.28515625;0.21875;0.38671875;0.15625;0.3515625;0.33984375;0.39453125;0.375;0.6015625;0.47265625;0.33984375;0.2265625;0.11328125;0.09765625;0.13671875;0.2109375
0.5625;0.4921875;0.68359375;0.44140625;0.234375;0.9765625;0.25390625;1.03125;0.359375;0.5859375;0.109375;0.60546875;0.390625;0.30078125;0.3828125;0.05859375
0.08984375;0.453125;0.26171875;0.33203125;0.17578125;0.3203125;0.4453125;0.86328125;0.1796875;0.46875;0.20703125;0.6875;0.04296875;0.33984375;0.33203125;0.1015625
0.36328125;0.30078125;0.87890625;0.62890625;0.48046875;0.29296875;0.45703125;0.6953125;0.28515625;0.34375;0.62890625;0.62109375;0.421875;0.1484375;0.36328125;0.40625
0.01171875;0.15625;0.12890625;0.33203125;0.36328125;1.140625;0.08984375;0.37890625;0.30859375;0.3515625;0.1953125;0.00390625;0.921875;0.18359375;0.9609375;0.37890625
0.21875;0.0234375;0.1171875;0.53515625;0.26953125;0.03125;0.01953125;0.59375;0.06640625;0.0625;0.046875;0.7734375;0.02734375;0.0703125;0.04296875;0.67578125
0.15625;0.79296875;0.5;0.5;0.109375;0.69140625;0.26171875;0.58203125;0.265625;0.5703125;0.66015625;0.47265625;0.40625;0.66796875;0.45703125;0.5
0.3515625;0.60546875;0.671875;0.484375;0.1953125;1.14453125;0.8515625;0.23046875;0.265625;0.59375;0.39453125;0.25390625;0.1953125;0.43359375;0.37109375;0.140625
1.17578125;0.75;0.234375;0.05859375;0.9609375;0.8515625;0.05078125;0.0078125;0.6875;0.828125;0.3984375;0.11328125;0.7734375;1.1328125;0.234375;0.35546875
0.859375;0.11328125;0.80078125;0.23046875;0.21875;0.08203125;0.30859375;0.03125;0.5703125;0.26953125;0.9921875;0.0078125;0.25;0.05859375;0.40625;0.02734375
0.12890625;0.1953125;0.16796875;0.03515625;0.015625;0.71484375;1.16796875;0.41015625;0.01171875;0.90234375;1.2734375;0.27734375;0.17578125;1.09765625;1.19921875;0.09375
0;0.5625;0.3984375;0.3515625;0.04296875;0.25390625;0.0078125;0.50390625;0.171875;0.59765625;0.52734375;0.234375;0.0625;0.4921875;0.375;0.56640625
0.109375;0.01171875;0.51953125;0.3515625;0.015625;0.02734375;0.1953125;0.16796875;0.18359375;0.32421875;0.51953125;0.41796875;0.21484375;0.171875;0.59375;0.078125
0.48046875;0.0546875;0.03515625;0.66015625;0.12109375;0.3125;0.16796875;0.4609375;0;0.453125;0.0234375;0.5234375;0.1015625;0.3984375;0.125;0.3984375
0.515625;0.63671875;0.0234375;0.2890625;0.01171875;0.37109375;0.02734375;0.21484375;0.1875;0.6484375;0.0078125;0.328125;0.328125;0.765625;0.00390625;0.296875
0.02734375;0.03125;0.015625;0.04296875;0.59765625;0.1484375;0.625;0.50390625;0.4140625;0.078125;0.2890625;0.1328125;0.39453125;0.07421875;0.296875;0.2265625
0.93359375;0.00390625;0.43359375;0.1640625;1.07421875;0.125;0.4140625;0.15625;0.71875;0.0390625;0.51171875;0.71875;0.85546875;0.04296875;0.35546875;0.08203125
0.6484375;0.3359375;0.3515625;0.109375;0.16015625;0.46484375;0.21484375;0.81640625;0.171875;0.6328125;0.1171875;0.296875;0.17578125;0.4453125;0.40234375;0.1484375
0.39453125;0.5625;0.09375;0.43359375;0.13671875;0.86328125;0.1015625;0.34765625;0.45703125;0.8125;0.265625;0.578125;0.2578125;0.33984375;0.03515625;0.20703125
0.34765625;0.1953125;0.5390625;0.44140625;0.13671875;0.05078125;0.03125;0.5;0.25;0.0390625;0.1328125;0.44140625;0.01953125;0.26171875;0.62109375;0.32421875
0.02734375;0.31640625;0.015625;0.296875;0.39453125;0.46875;0.0390625;0.546875;0.39453125;0.58984375;0.1484375;0.04296875;0.80078125;1.296875;0.30078125;0.01171875
0.10546875;0.61328125;0.91015625;0.8203125;0.25;0.9296875;1.0390625;0.8125;0.2890625;0.62890625;1.609375;1.19140625;0.29296875;0.46484375;1.33984375;0.92578125
0.2109375;0.0234375;0.02734375;0.46875;0.140625;0.0625;0.171875;0.43359375;0.16015625;0.16015625;0.19921875;0.65625;0.60546875;0.32421875;0.4609375;0.375
0.29296875;0.4375;0.4609375;0.17578125;0.6484375;0.47265625;0.95703125;0.3046875;0.82421875;0.015625;0.7890625;0.609375;0.60546875;0.1953125;0.375;0.67578125
0.45703125;0.24609375;0.02734375;0.47265625;0.37890625;0.05078125;0.20703125;0.03125;0.234375;0.203125;0.26171875;0.91015625;0.48046875;0.30078125;0.35546875;0.48828125
0.8515625;0.05859375;0.609375;0.4296875;0.05859375;0.1484375;0.49609375;0.1640625;0.47265625;0.1171875;0.79296875;0.55859375;0.0546875;0.1328125;0.40234375;0.1953125
0.23046875;0.0859375;0.02734375;0.1484375;1.05078125;0.0546875;0.1953125;0.1875;1.16796875;0.1328125;0.10546875;0.05859375;1.10546875;0.0078125;0.3046875;0.02734375
0.734375;0.52734375;0.59765625;0.7578125;0.7265625;0.0625;0.078125;0.421875;0.61328125;0.796875;0.30078125;0.4609375;0.9140625;0.45703125;0.1171875;0.61328125
0.21875;0.88671875;0.03515625;0.13671875;0.0234375;0.48828125;0.03515625;0.03125;0.19140625;0.5859375;0.1953125;0.2578125;0.046875;1.2265625;0.0546875;0.1171875
0.37109375;0.3125;0.453125;0.0546875;0.41796875;0.078125;0.37109375;0.70703125;0.59765625;0.1484375;0.2734375;0.9140625;0.49609375;0.13671875;0.2265625;0.72265625
0.48046875;0.1328125;0.28125;0.78125;0.55859375;0.3671875;0.09375;0.33984375;0.66796875;0.1640625;0.01171875;0.2890625;0.56640625;0.15625;0.1015625;0.15625
0.23828125;0.15625;0.22265625;0.30078125;0.34375;0.5234375;0.328125;0.16796875;0.51171875;0.00390625;0.0078125;0.05859375;0.46875;0.11328125;0.0078125;0.06640625
0.33984375;0.203125;0.1640625;0.59765625;0.72265625;0.0703125;0.046875;0.7890625;0.5390625;0.2421875;0.0859375;0.8359375;0.1796875;0.046875;0.0078125;0.59375
0.359375;0.6328125;0.1953125;0.8125;0.1015625;0.61328125;0.08203125;0.05859375;0.5;1.0546875;0.4453125;1.03125;1.04296875;1.70703125;0.6875;1.6953125
0.30078125;0.40234375;1.1484375;0.9296875;0.04296875;0.265625;0.671875;0.24609375;0.1875;0.1015625;0.63671875;0.4375;0.109375;0.50390625;0.8203125;0.63671875
0.03125;0.265625;0.01171875;0.23828125;0.25390625;0.17578125;0.3125;0.40625;0.19921875;0.5234375;0.109375;0.27734375;0.046875;0.28125;0.0390625;0.1953125
0.6640625;0.67578125;0.73828125;0.69921875;0.0078125;0.2421875;0.51953125;0.484375;0.78515625;0.30859375;0.23046875;0.8125;0.50390625;0.59765625;0.734375;0.49609375
0.80859375;0.140625;0.984375;0.13671875;1.0859375;0.37109375;1.0234375;0.10546875;0.56640625;0.36328125;0.6484375;0.01953125;0.6328125;0.51171875;0.71875;0.12109375
0.3984375;0.7890625;0.19140625;0.0703125;0.62109375;0.63671875;0.0234375;0.3828125;0.29296875;0.625;0.24609375;0.27734375;0.625;0.7109375;0.0234375;0.32421875
0.375;0.3203125;0.6484375;0.52734375;0.37109375;0.3671875;0.62890625;0.50390625;0.171875;0.19921875;0.25390625;0.49609375;0.48046875;0.58203125;0.2734375;0.80859375
0.07421875;0.0859375;0.41015625;0.1953125;0.0546875;0.05859375;0.59375;0.76171875;0.0078125;0.01953125;0.30078125;0.6171875;0.125;0.01171875;0.5;0.546875
0.76171875;0.2890625;0.83984375;0.07421875;0.59765625;0.02734375;1.05859375;0.55859375;0.5546875;0.08984375;0.76953125;0.07421875;0.19921875;0.359375;0.75390625;0.40234375
0.9375;0.25;1.01171875;0.46484375;0.265625;0.12890625;0.25390625;0.234375;0.48828125;0.359375;0.08203125;0.7578125;0.4765625;0.1171875;0.70703125;0.15625
0.4921875;0.515625;0.1328125;0.34375;0.234375;0.1171875;0.078125;0.29296875;0.3046875;0.4921875;0.31640625;0.6171875;0.05078125;0.01953125;0.05859375;0.6328125
0.12890625;0.45703125;0.109375;0.0859375;0.453125;0.35546875;0.15234375;0.21484375;0.33984375;0.38671875;0.16796875;0.15625;0.3125;0.4765625;0.2265625;0.1328125
0.6953125;0.01171875;0.08203125;1.05078125;0.7578125;0.3125;0.2265625;0.73828125;0.296875;0.078125;0.00390625;0.35546875;0.640625;0.32421875;0.10546875;0.40625
0.11328125;0.1796875;0.078125;0.34375;0.03515625;0.4609375;0.26171875;0.4296875;0.23046875;0.28515625;0.0625;0.1875;0.37109375;0.0859375;0.0625;0.6328125
0.33203125;0.9453125;0.41796875;0.671875;0.37890625;0.44921875;0.11328125;0.0390625;0.07421875;1.03515625;0.7734375;0.49609375;0.37109375;0.85546875;0.375;0.82421875
0.296875;0.2578125;0.109375;0.45703125;0.5078125;0.1484375;0.109375;0.3828125;0.3984375;0.30859375;0.44140625;0.1796875;0.55859375;0.203125;0.12109375;0.33203125
0.41015625;0.125;0.03515625;0.44921875;0.41015625;0.46484375;0.375;0.7890625;0.2265625;0.77734375;0.58984375;0.7890625;0.6328125;0.6015625;0.2890625;1.02734375
0.30859375;0.84375;0.515625;0.15625;0.41015625;0.29296875;0.15625;0.0390625;0.08203125;0.55859375;0.421875;0.28515625;0.05859375;0.5078125;0.2265625;0.26171875
0.08203125;0.03515625;0.52734375;0.28515625;0.21484375;0.63671875;0.48046875;0.203125;0.0390625;0.0078125;0.3984375;0.21484375;0.0859375;0.03515625;0.265625;0.328125
0.515625;0.9609375;0.14453125;0.15625;0.234375;0.2890625;0.23046875;0.02734375;0.62109375;0.90625;0.0078125;0.1328125;0.28515625;0.62109375;0.453125;0.27734375
0.3515625;0.5625;0.25;0.03125;0.06640625;0.21875;0.11328125;0.38671875;0.10546875;0.5234375;0.2109375;0.01953125;0.20703125;0.00390625;0.05078125;0.078125
0.64453125;0.28515625;0.2890625;0.3203125;0.6328125;0.484375;0.21484375;0.1328125;0.56640625;0.48828125;0.12109375;0.109375;0.6953125;0.38671875;0.04296875;0.171875
0.25390625;0.0859375;0.546875;0.25390625;0.203125;0.3203125;0.28515625;0.25390625;0.11328125;0.1796875;0.3359375;0.390625;0.03515625;0.1015625;0.328125;0.15234375
0.7421875;0.58203125;0.57421875;0.2734375;0.71484375;0.0234375;0.9375;0.1953125;0.19140625;0.55078125;0.13671875;0.44921875;0.63671875;0.85546875;0.69921875;0.74609375
0.57421875;0.38671875;0.86328125;0.49609375;0.1796875;0.28125;1.0234375;0.265625;0.22265625;0.11328125;0.421875;0.515625;0.23046875;0.2265625;0.46484375;0.26171875
0.11328125;0.4140625;0.15234375;0.3046875;0.16015625;0.296875;0.9375;0.31640625;0.05859375;0.40625;0.359375;0.00390625;0.0546875;0.1015625;0.07421875;0.16015625
0.49609375;0.578125;0.2734375;0.59375;0.39453125;0.41796875;0.14453125;0.375;0.63671875;0.69921875;0.1015625;0.875;0.765625;0.90625;0.2109375;0.578125
0.57421875;0.828125;0.765625;0.34765625;0.82421875;0.890625;0.4765625;0.09765625;0.41796875;0.73046875;0.5546875;0.0546875;0.53515625;1.0078125;0.453125;0.16015625
0.26171875;0.0546875;0.08984375;0.171875;0.51953125;0.37109375;0.08984375;0.234375;0.0078125;0.17578125;0.33984375;0.17578125;0.12109375;0.1640625;0.0859375;0.37109375
0.11328125;0.17578125;0.15234375;0.4453125;0.49609375;0.0234375;0.75390625;0.20703125;0.12109375;0.390625;0.73046875;0.3515625;0.39453125;0.30859375;0.5234375;0.37109375
0.73046875;0.30078125;0.30859375;0.6484375;0.6796875;0.2265625;0.14453125;0.78125;0.5390625;0.25390625;0.37890625;0.54296875;0.71484375;0.49609375;0.2421875;0.56640625
0.03125;0.4921875;0.52734375;0.27734375;0.078125;0.09375;0.375;0.21484375;0.328125;0.04296875;0.5;0.3671875;0.0546875;0.03515625;0.24609375;0.17578125
0.02734375;0.55078125;0.09765625;0.66796875;0.17578125;0.26171875;0.171875;0.0546875;0.12890625;0.37890625;0.08984375;0.4453125;0.1171875;0.71484375;0.1015625;0.7890625
1.0546875;0.1328125;0.2890625;0.28125;0.05859375;0.0859375;0.359375;0.47265625;0.5390625;0.53515625;0.27734375;0.234375;0.6171875;0.79296875;0.26171875;0.140625
0.3515625;0.51953125;0.23828125;0.4296875;0.15625;0.18359375;0.1796875;0.4921875;0.171875;0.0703125;0.5703125;0.1875;0.15625;0.12890625;0.3515625;0.078125
0.890625;0.22265625;0.28125;0.5078125;0.28125;0.125;0.30859375;0.0546875;1.0546875;0.3828125;0.171875;0.16015625;0.65625;0.15234375;0.19140625;0.31640625
0.88671875;0.72265625;0.48828125;1.07421875;0.4453125;0.375;0.34765625;1.4296875;0.98828125;0.8203125;0.3203125;0.5546875;0.44140625;0.6015625;0.26953125;0.6171875
0.80078125;0.54296875;0.0625;0.2890625;0.93359375;0.20703125;0.4453125;0.3203125;0.80859375;0.21484375;0.3359375;0.32421875;0.875;0.28515625;0.29296875;0.29296875
0.625;0.578125;0.19921875;0.38671875;0.58203125;0.7109375;0.2421875;0.35546875;0.29296875;0.4140625;0.3828125;0.109375;0.3203125;1.1875;0.1484375;0.203125
0.61328125;0.71875;0.4140625;0.53515625;0.8203125;0.4296875;0.20703125;0.49609375;0.26953125;0.25390625;0.2734375;0.03515625;0.61328125;0.85546875;0.140625;0.4453125
0.50390625;0.44921875;0.01171875;0.07421875;0.69921875;0.4453125;0.26171875;0.23046875;0.4453125;0.48046875;0.14453125;0.04296875;0.40625;0.4296875;0.00390625;0.3203125
0.72265625;0.19140625;0.83984375;0.8671875;0.359375;0.23046875;0.63671875;1.05078125;0.390625;0.13671875;0.32421875;0.59375;0.51171875;0.75390625;0.4921875;0.6953125
0.38671875;0.12890625;0.45703125;0.24609375;0.20703125;0.00390625;0.12109375;0.0703125;0.18359375;0.12890625;0.3125;0.14453125;0.15234375;0.16796875;0.296875;0.01953125
0.6953125;1.3359375;0.4765625;0.33203125;0.5390625;1.5703125;0.71875;0.0234375;0.1796875;0.91796875;0.5078125;0.10546875;0.140625;1.63671875;0.96875;0.1484375
0.10546875;0.34375;0.8203125;0.2265625;0.15234375;1.1015625;0.40234375;0.234375;0.09765625;0.31640625;0.07421875;0.5234375;0.16015625;0.68359375;0.3125;0.33984375
0.3046875;0.25;0.1484375;0.37890625;0.3203125;0.4296875;0.328125;0.25;0.109375;0.51953125;0.2578125;0.23046875;0.4765625;0.99609375;0.328125;0.38671875
0.23828125;0.87890625;0.4375;0.03125;0.00390625;0.66796875;0.73828125;0.25390625;0.5625;0.71875;0.2578125;0.1484375;0.19140625;0.87890625;0.22265625;0.02734375
0.640625;0.12890625;0.26953125;0.6328125;0.4921875;0.19140625;0.08984375;0.4296875;0.3515625;0.453125;0.390625;0.7421875;0.3515625;0.3359375;0.0546875;0.50390625
0.109375;0.578125;0.05078125;0.6640625;0.44140625;0.25390625;0.484375;0.3984375;0.66015625;0.58984375;0.15625;0.671875;0.45703125;0.6875;0.265625;0.95703125
1.125;0.54296875;0.69921875;0.27734375;0.55078125;0.15234375;0.34375;0.4921875;0.8125;0.00390625;0.0390625;0.0078125;0.8046875;0.32421875;0.04296875;0.0390625
0.25;0.4921875;0.45703125;0.5234375;0.30078125;0.21484375;0.64453125;0.4140625;0.32421875;0.484375;0.2421875;0.046875;0.07421875;0.1015625;0.2578125;0.28515625
0.0625;0.26953125;0.453125;0.49609375;0.13671875;0.0859375;0;0.41796875;0.234375;0.16796875;0.22265625;0.0625;0.1015625;0.13671875;0.25;0.84765625
0.09765625;0.2734375;0.00390625;0.08984375;0.515625;0.2421875;0.20703125;0.2109375;0.15625;0.453125;0.00390625;0.12890625;0.3125;0.4140625;0.453125;0.28515625
0.6953125;0.2890625;0.73828125;0.89453125;0.375;0.12890625;0.5234375;0.34375;0.46875;0.16015625;0.30078125;0.22265625;0.53125;0.09765625;0.65234375;0.52734375
0.26953125;0.6953125;1.0390625;0.984375;0.06640625;0.56640625;0.25390625;0.62109375;0.078125;0.2421875;0.83203125;0.515625;0.12109375;0.5234375;0.71875;0.5078125
0.765625;0.27734375;0.74609375;0.51171875;1.03125;0.1015625;0.53125;0.94921875;0.09375;0.25;0.37890625;0.3359375;0.5546875;0.3828125;0.73828125;0.75
0.76953125;0.33984375;0.04296875;0.0078125;0.0390625;0.34765625;0.09375;0.109375;0.5078125;0.2109375;0.07421875;0.02734375;0.25;0.19140625;0.11328125;0.12890625
1.02734375;0.6328125;0.76953125;0.62890625;0.24609375;0.1328125;0.6328125;0.94140625;0.4375;0.1484375;0.0234375;0.49609375;0.484375;0.15234375;0.42578125;0.72265625
0.4609375;0.2109375;0.39453125;0.09765625;0.50390625;0.09375;0.09375;0.19921875;0.6875;0.31640625;0.67578125;0.19921875;0.4375;0.28125;0.7109375;0.1171875
0.55859375;0.2421875;0.3671875;0.578125;0.2734375;0.12109375;0.23828125;0.73828125;0.00390625;0.37890625;0.6171875;0.2578125;0.28125;0.6015625;0.7578125;0.9375
0.1875;0.23828125;0.3515625;0.33984375;0.1484375;0.17578125;0.515625;0.01953125;0.22265625;0.00390625;0.08984375;0.26171875;0.3671875;0.37109375;0.08203125;0.078125
0.046875;0.34765625;0.078125;0.3515625;0.46484375;0.25390625;0.71484375;0.3984375;0.40234375;0.4140625;0.51171875;0.2265625;0.04296875;0.20703125;0.4140625;0.2734375
0.28515625;0.55859375;0.13671875;0.70703125;0.51171875;0.44140625;0.6640625;0.9375;0.1015625;0.84375;0.3125;0.40625;0.171875;0.33203125;0.109375;0.609375
0.1953125;0.51171875;0.90625;0.53515625;0.03515625;0.3828125;0.53515625;0.26953125;0.53515625;0.28515625;0.8671875;0.75390625;0.125;0.140625;0.5;0.3359375
0.75;0.1796875;0.38671875;0.37890625;0.2265625;0.07421875;0.375;0.2734375;0.71484375;0.203125;0.4921875;0.38671875;0.8046875;0.0546875;0.7421875;0.46484375
1.375;0.1875;0.203125;0.6796875;0.6015625;0.33984375;0.02734375;0.10546875;1.109375;0.75390625;0.4375;0.1328125;1.1953125;0.82421875;0.52734375;0.42578125
0.0078125;0.2265625;0.17578125;0.04296875;0.015625;0.26953125;0.35546875;0.69140625;0.25390625;0.41796875;0.44140625;0.98828125;0.109375;0.0703125;0.10546875;0.140625
0.25390625;0.25390625;0.16015625;0.3359375;0.11328125;0.27734375;0.13671875;0.1953125;0.2421875;0.109375;0.15234375;0.1484375;0.36328125;0.28125;0.046875;0.52734375
0.67578125;0.1484375;0.49609375;0.87109375;0.6171875;0.0703125;0.38671875;1.078125;0.5390625;0.02734375;0.765625;0.53515625;0.6171875;0.375;0.26953125;0.83984375
0.77734375;0.015625;0.71875;0.25;0.390625;0.07421875;0.765625;0.27734375;0.1484375;0.23046875;0.51171875;0.140625;0.5546875;0.15625;0.8125;0.26953125
1.9453125;0.125;0.58203125;0.328125;1.21875;0.4921875;0.09375;0.390625;1.31640625;0.1484375;0.6171875;0.33984375;1.44921875;0.3046875;0.08984375;0.0078125
0.4140625;0.2734375;0.1484375;0.1640625;0.52734375;0.15625;0.26953125;0.19921875;0.15234375;0.296875;0.0625;0.12890625;0.58203125;0.56640625;0.0703125;0.23828125
0.32421875;0.80078125;0.39453125;0.26953125;0.08984375;0.4921875;0.09765625;0.2734375;0.32421875;0.58203125;0.0234375;0.10546875;0.03125;0.19140625;0.3359375;0.109375
0.5859375;0.1328125;0.80078125;0.2890625;0.703125;0.72265625;0.28515625;0.1171875;0.390625;0.0859375;0.02734375;0.04296875;0.36328125;0.1484375;0.38671875;0.4453125
0.22265625;0.36328125;0.3671875;0.31640625;0.1015625;0.171875;0.078125;0.171875;0.015625;0.4609375;0.4296875;0.02734375;0.13671875;0.71484375;0.18359375;0.1796875
0.296875;0.1875;0.89453125;0.05859375;0.375;0.26171875;0.52734375;0.0390625;0.05859375;0.05078125;0.296875;0.0078125;0.32421875;0.04296875;0.58984375;0.3046875
1.08984375;0.03125;0.0703125;0.82421875;1.0703125;0.296875;0.08984375;0.60546875;0.83203125;0.265625;0.09375;1.16796875;0.83203125;0.27734375;0.11328125;0.71484375
0.2734375;0.55859375;0.1015625;0.0625;0.20703125;0.3828125;0.96875;0.09375;0.05859375;0.59765625;0.9375;0.07421875;0.48828125;0;0.44921875;0.078125
0.55078125;0.39453125;0.69921875;0.02734375;0.71875;0.64453125;0.65234375;0.0078125;0.453125;0.078125;0.64453125;0.203125;0.3984375;0.47265625;0.6328125;0.0078125
0.80859375;0.28125;0.0078125;0.28125;0.47265625;0.08203125;0.03125;0.24609375;0.0546875;0.046875;0.26953125;0.26953125;0.24609375;0.12109375;0.03515625;0.234375
0.26171875;0.29296875;0.6484375;0.421875;0.17578125;0.3125;0.34765625;0.16015625;0.16015625;0.24609375;0.375;0.421875;0.11328125;0.40625;0.73828125;0.1015625
0.1875;0.8203125;0.2109375;0.38671875;0.0390625;0.18359375;0.15234375;0.1484375;0.41796875;0.44140625;0.41015625;0.07421875;0.31640625;0.63671875;0.18359375;0.046875
0.0859375;0.1015625;0.46484375;0.265625;0.1953125;0.16015625;0.4609375;0.0234375;0.33984375;0.25;0.75390625;0.5703125;0.01953125;0.10546875;0.30859375;0.21875
0.703125;0.29296875;0.50390625;0.26171875;0.1640625;0.078125;0.11328125;0.09765625;0.4375;0.11328125;0.83984375;0.0390625;0.52734375;0.01171875;0.203125;0.203125
1.35546875;0.43359375;0.03125;0.87109375;1.2734375;0.23828125;0.2109375;0.27734375;0.671875;0.1875;0.08984375;0.7109375;0.9921875;0.51953125;0.36328125;0.74609375
0.2265625;1.2421875;0.85546875;0.48828125;0.24609375;0.83984375;0.796875;0.06640625;0.328125;0.8515625;0.5;0.10546875;0.18359375;0.94140625;0.8359375;0.2421875
0.390625;0.21484375;0.6875;0.140625;0.19921875;0.21875;0.28125;0.35546875;0.41796875;0.03125;0.50390625;0.11328125;0.15234375;0.04296875;0.41796875;0.43359375
0.53125;0.64453125;0.140625;0.26953125;0.22265625;0.02734375;0.26171875;1.06640625;0.4375;0.32421875;0.57421875;0.13671875;0.5625;0.8671875;0.55859375;0.18359375
1.046875;0.890625;0.625;0.2109375;1.0078125;0.6171875;0.2578125;0.28125;0.48046875;0.28515625;0.44140625;0.01171875;0.3515625;0.09765625;0.04296875;0.4296875
1.23828125;0.48046875;0.95703125;0.62890625;0.65625;0.4921875;0.3984375;0.01953125;0.87890625;0.1953125;0.51953125;0.171875;0.61328125;0.578125;0.2734375;0.203125
0.1171875;0.0625;0.2421875;0.5234375;0.046875;0.078125;0.03125;0.2265625;0.50390625;0.09765625;0.25;0.76171875;0.31640625;0.01171875;0.1484375;0.484375
0.60546875;0.09765625;0.48046875;0.94140625;0.4609375;0.265625;0.1640625;0.765625;0.16015625;0.2578125;0.5625;0.5390625;0.0703125;0.41015625;0.453125;0.8125
0.33984375;0.53125;0.42578125;0.171875;0.32421875;0.33984375;0.8046875;0.2421875;0.359375;0.49609375;0.3046875;0.21875;0.28125;0.484375;0.4453125;0.05859375
0.52734375;0.27734375;0.1015625;0.5;0.0234375;0.3515625;0.34375;0.2890625;0.0703125;0.55078125;0.24609375;0.0390625;0.1015625;0.09375;0.37109375;0.00390625
0.265625;0.015625;0.16015625;0.75390625;0.109375;0.23828125;0.40234375;0.5078125;0.26171875;0.0546875;0.0546875;1.12109375;0.33203125;0.00390625;0.1171875;0.5234375
0.2265625;0.3125;0.0703125;0.109375;0.30078125;0.0234375;0.046875;0.02734375;0.3203125;0.40625;0.54296875;0.20703125;0.3671875;0.140625;0.0859375;0.10546875
0.30859375;0.7890625;0.1640625;0.9609375;0.47265625;0.890625;0.8515625;0.6640625;0.89453125;1.01953125;1.03515625;0.921875;0.6875;1.4375;0.85546875;1.39453125
0.19921875;0.51953125;0.29296875;0.04296875;0.23046875;0.15234375;0.16796875;0.57421875;0.3359375;0.46484375;0.48046875;0.43359375;0.29296875;0.6640625;0.3359375;0.4453125
0.61328125;0.265625;0.046875;0.5703125;0.67578125;0.29296875;0.3203125;0.67578125;0.13671875;0.12109375;0.375;0.3046875;0.30859375;0.20703125;0.18359375;0.38671875
0.46484375;0.28125;0.4609375;0.1875;0.1328125;0.078125;0.0703125;0.0859375;0.546875;0.8515625;0.3125;0.19921875;0.0078125;0.01171875;0.01953125;0.11328125
0.0703125;0.140625;0.2578125;1.0625;0.109375;0.07421875;0.01171875;0.84765625;0.02734375;0.0078125;0.11328125;0.73828125;0.30078125;0.14453125;0.01953125;0.94140625
0.078125;0.6328125;0.40625;0.37109375;0.0703125;0.546875;0.50390625;0.38671875;0.1953125;0.51171875;0.37890625;0.38671875;0.16015625;0.578125;0.39453125;0.359375
0.40234375;1.05859375;0.85546875;0.515625;0.40625;0.96484375;0.92578125;0.58203125;0.13671875;0.65234375;0.4140625;0.1015625;0.02734375;1.1328125;0.96484375;0.03125
1.33984375;0.859375;0.0390625;0.14453125;1.15625;0.6328125;0.1171875;0.29296875;0.875;0.3984375;0.24609375;0.0546875;1.33203125;1.30078125;0.171875;0.06640625
0.3125;0.5234375;1.03125;0.16015625;0.24609375;0.49609375;1.234375;0.0703125;0.49609375;0.0390625;0.55078125;0.125;0.375;0.03515625;0.5703125;0.05859375
0.08203125;1.16796875;1.3125;0.078125;0.01171875;0.25;1.203125;0.8359375;0.43359375;0.265625;0.6015625;0.21484375;0.09765625;0.60546875;0.92578125;0.26953125
0.02734375;0.50390625;0.7265625;0.2890625;0.0390625;0.390625;0.15625;0.2109375;0.1171875;0.61328125;0.8984375;0.203125;0.109375;0.42578125;0.45703125;0.3984375
0.15234375;0.078125;0.4453125;0.1328125;0.2265625;0.296875;0.71484375;0.23046875;0.35546875;0.41796875;0.00390625;0.0703125;0.49609375;0.6953125;0.56640625;0.375
0.59765625;0.42578125;0.0078125;0.91015625;0.109375;0.44921875;0.109375;0.66015625;0.25;0.109375;0.03515625;0.6796875;0.19140625;0.171875;0.1875;0.60546875
0;0.11328125;0.1328125;0.16015625;0.23828125;1;0.1015625;0.36328125;0.046875;0.85546875;0.11328125;0.1953125;0.26171875;0.2265625;0.0859375;0.0390625
0.1015625;0.15234375;0.0078125;0.0859375;0.1796875;0.1171875;0.0859375;0.34375;0.25390625;0.109375;0.32421875;0.203125;0.0859375;0.16015625;0.1171875;0.125
0.62109375;0.0546875;0.5625;0.578125;0.3125;0.0859375;0.26171875;0.48046875;1.1171875;0.0625;0.45703125;0.05859375;0.33203125;0.09375;0.15625;0.4296875
0.296875;0.38671875;0.3828125;0.6796875;0.48046875;0.41015625;0.6171875;0.42578125;0.87109375;1;0.78125;0.34765625;0.66796875;0.9375;0.40625;0.92578125
0.30078125;0.51171875;0.1484375;0.42578125;0.0859375;0.35546875;0.23046875;0.3515625;0.49609375;0.17578125;0.3046875;0.0234375;0.8984375;0.35546875;0.16015625;0.3203125
0.21484375;0.41015625;0.5859375;0.47265625;0.125;0.2265625;0.2265625;0.55859375;0.36328125;0.07421875;0.359375;0.23046875;0.11328125;0.16796875;0.203125;0.3203125
0.5625;0.91796875;0.16015625;0.1484375;0.15625;0.23046875;0.20703125;0.2578125;0.53515625;0.67578125;0.125;0.2265625;0.19921875;0.421875;0.125;0.01953125
0.50390625;0.60546875;2.33984375;1.58984375;0.1875;0.515625;1.76953125;1.5;0.2421875;0.71484375;1.84765625;1.44921875;0.43359375;0.94921875;1.4609375;1.05859375
0.13671875;0.31640625;0.296875;0.3984375;0.2109375;0.0390625;0.0546875;0.4296875;0.046875;0.1953125;0.22265625;0.4453125;0.1796875;0.06640625;0.04296875;0.3671875
0.81640625;0.19140625;1.2265625;0.1484375;0.09375;0.59375;0.72265625;0.55078125;0.7265625;0.19921875;0.62890625;0.359375;0.49609375;0.85546875;0.48828125;0.27734375
0.515625;0;0.05859375;0.0078125;0.25;0.484375;0.00390625;0.4140625;0.25390625;0.13671875;0.046875;0.4296875;0.64453125;0.09765625;0.2109375;0.4296875
0.0703125;0.15234375;0.640625;0.23046875;0.18359375;0.1015625;0.59765625;0.4765625;0.3359375;0.109375;0.51953125;0.25;0.27734375;0.10546875;0.37890625;0.33984375
1.2421875;0.015625;0.35546875;0.02734375;0.83203125;0.17578125;0.21875;0.01953125;0.6796875;0.2109375;0.0390625;0.20703125;0.75390625;0.140625;0.046875;0.1640625
0.60546875;0.56640625;0.2109375;0.7421875;0.4453125;0.28125;0.41015625;0.46875;0.59375;0.890625;0.09765625;0.625;0.6640625;0.578125;0.1796875;0.3359375
0.015625;0.87890625;0;0.0234375;0.21484375;0.9375;0.1328125;0.25;0.18359375;0.21484375;0.18359375;0.07421875;0.109375;1.0078125;0.1328125;0.3984375
0.01953125;0.51171875;0.4921875;0.65625;0.625;0.16015625;0.46875;1.0625;0.03125;0.39453125;0.5390625;0.43359375;0.21484375;0.06640625;0.54296875;0.578125
0.48046875;0.07421875;0.14453125;0.18359375;0.74609375;0.28125;0.08984375;0.34375;0.70703125;0.59375;0.140625;0.26171875;0.265625;0.28515625;0.05078125;0.734375
0.125;0.01953125;0.13671875;0.41015625;0.4609375;0.3984375;0.2890625;0.07421875;0.0703125;0.4609375;0.171875;0.28125;0.02734375;0.078125;0.24609375;0.5546875
0.0546875;0.04296875;0.28515625;0.78125;0.0390625;0.234375;0.10546875;0.39453125;0.5625;0.21875;0.28515625;0.6484375;0.08984375;0.23046875;0.08984375;0.390625
0.55078125;1.37109375;0.66796875;1.1640625;0.33984375;0.52734375;0.09765625;0.73046875;0.65625;0.33984375;0.5;0.23828125;1.1484375;0.23828125;0.78515625;0.45703125
0.109375;0.58984375;0.58984375;0.44921875;0.26953125;0.796875;0.97265625;0.41015625;0.0859375;0.76171875;1.12109375;0.72265625;0.1953125;0.65234375;1.17578125;0.6953125
0.04296875;0.28515625;0.0234375;0.171875;0.06640625;0.41796875;0.01953125;0.2265625;0.0078125;0.34765625;0.13671875;0.2421875;0.1875;0.68359375;0.0703125;0.41796875
0.9140625;0.265625;0.109375;0.05078125;0.4375;0.56640625;0.6953125;0.83984375;0.78125;0.53515625;0.4921875;0.6875;0.62890625;0.37109375;0.3671875;0.171875
0.23828125;0.1484375;0.53515625;0.0625;0.6796875;0.328125;0.60546875;0.3203125;0.43359375;0.40234375;0.546875;0.015625;0.765625;0.46875;0.7109375;0.25
0.453125;0.6328125;0.09765625;0.59765625;0.51953125;0.8671875;0.29296875;0.36328125;0.41015625;0.88671875;0.28515625;0.37109375;0.93359375;0.5234375;0.27734375;0.5859375
0.52734375;0.4609375;0.52734375;0.61328125;0.5390625;0.45703125;0.66015625;0.55859375;0.00390625;0.125;0.1796875;0.4375;0.41796875;0.2890625;0.66796875;0.35546875
0.01171875;0.11328125;0.47265625;0.09375;0.00390625;0.078125;0.26953125;0.171875;0.0390625;0.03125;0.56640625;0.90234375;0.11328125;0.1015625;0.4453125;0.6171875
0.5703125;0.1015625;1.03125;0.359375;0.37890625;0.31640625;0.55859375;0.14453125;0.20703125;0.3984375;0.7890625;0.36328125;0.0234375;0.1953125;0.43359375;0.109375
0.625;0.07421875;1;0.03125;0.4375;0.28515625;0.51171875;0.515625;0.69140625;0.3203125;0.21875;0.96484375;0.6640625;0.390625;0.37890625;0.78125
0.140625;0.015625;0.08984375;0.32421875;0.484375;0.55859375;0.1484375;0.359375;0.25;0.328125;0.11328125;0.5234375;0.359375;0.40625;0.3203125;0.41015625
0.3359375;0.09375;0.1640625;0.73828125;0.796875;0.55078125;0.37890625;0.19140625;0.03125;0.33203125;0.15234375;0.109375;0.37890625;0.421875;0.296875;0.203125
0.421875;0.0859375;0.21875;0.8125;0.83984375;0.328125;0.19921875;0.796875;0.140625;0.03125;0.4453125;0.25390625;0.26171875;0.15625;0.125;0.08984375
0.046875;0.50390625;0.3125;0.6484375;0.0078125;0.48046875;0.3203125;0.3125;0.00390625;0.47265625;0.28515625;0.76953125;0.171875;0.53515625;0.40625;0.63671875
0.16015625;0.70703125;0.3671875;0.4921875;0.05078125;0.6640625;0.4296875;0.3515625;0.0625;0.98828125;0.59765625;0.51171875;0.09765625;0.625;0.40625;0.36328125
0.328125;0.04296875;0.16015625;0.21484375;0.89453125;0.58203125;0.40625;0.01171875;0.1328125;0.0390625;0.265625;0.03125;0.1953125;0.25;0.125;0.3515625
0.4453125;0.80078125;0.4453125;0.97265625;0.140625;0.703125;0.484375;0.46875;0.34375;0.859375;0.453125;0.71875;0.45703125;0.23828125;0.05078125;0.48046875
0.0703125;0.25390625;0.0546875;0.17578125;0.0859375;0.22265625;0.109375;0.234375;0.2109375;0.5234375;0.21875;0.17578125;0.40234375;0.55859375;0.3125;0.0703125
0.23046875;0.0078125;0.4296875;0.484375;0.38671875;0.046875;0.63671875;0.55859375;0.27734375;0.12109375;0.359375;0.421875;0.5703125;0.0703125;1.0703125;0.63671875
0.27734375;0.74609375;0.328125;0.25;0.4765625;0.7421875;0.140625;0.14453125;0.48828125;0.8515625;0.25390625;0.26171875;0.30859375;0.73828125;0.19921875;0.1015625
0.33203125;0.3671875;0.16015625;0.09765625;0.48828125;0.3671875;0.19140625;0.25390625;0.0703125;0.046875;0.08203125;0.08984375;0.4453125;0.2109375;0.1015625;0.30859375
0.640625;0.609375;0.484375;0.203125;0.80078125;0.76953125;0.1328125;0.12890625;0.765625;0.546875;0.0390625;0.015625;0.66796875;0.625;0.51953125;0.1640625
0.4765625;0.18359375;0.48828125;0.2890625;0.28515625;0.0234375;0.4609375;0.0390625;0.28515625;0.0703125;0.109375;0.0703125;0.25;0.0078125;0.19921875;0.30859375
0.8046875;0.203125;1.01171875;0.1640625;0.30078125;0.4296875;0.3671875;0.30859375;0.5;0.44921875;0.57421875;0.53125;0.47265625;0.0234375;0.4453125;0.0546875
0.171875;0.01171875;0.79296875;0.41015625;0.0703125;0.2734375;0.11328125;0.49609375;0.2109375;0.34765625;0.375;0.29296875;0.3203125;0.015625;0.578125;0.11328125
0.05859375;0.0703125;0.171875;0.26953125;0.046875;0.03515625;0.19140625;0.21875;0.140625;0.5546875;0.58984375;0.0546875;0.109375;0.4296875;0.234375;0.125
0.44921875;0.5078125;0.171875;0.31640625;0.578125;0.76953125;0.3515625;0.59375;0.44140625;0.35546875;0.06640625;0.73046875;0.17578125;0.02734375;0.16796875;0.73828125
0.015625;0.45703125;0.171875;0.39453125;1.50390625;1.21875;0.5390625;0.0546875;0.72265625;0.8984375;0.19140625;0.2421875;0.375;0.92578125;0.375;0.234375
0.2578125;0.125;0.109375;0.02734375;0.12890625;0.16796875;0.171875;0.44140625;0.40234375;0.36328125;0.02734375;0.0703125;0.1953125;0.04296875;0.12109375;0.15234375
0.7578125;0.0859375;0.8984375;0.22265625;0.3203125;0.09765625;0.5859375;0.41015625;0.87109375;0.27734375;0.75;0.1328125;0.76953125;0.19140625;1.03515625;0.546875
0.08984375;0.40234375;0.11328125;0.14453125;0.4921875;0.21875;0.23046875;0.51171875;0.31640625;0.3203125;0.296875;0.36328125;0.19140625;0.28125;0.1484375;0.2734375
0.1953125;0.109375;0.1953125;0.1796875;0.37109375;0.3046875;0.515625;0.3359375;0.01171875;0.29296875;0.42578125;0.27734375;0.1171875;0.46484375;0.421875;0.26953125
0.12890625;0.68359375;0.015625;0.875;0.25390625;0.0859375;0.39453125;0.42578125;0.33203125;0.20703125;0.4609375;0.51953125;0.21875;0.3046875;0.40234375;0.59375
0.2109375;0.66796875;0.09375;0.01953125;0.09765625;1.109375;0.43359375;0.18359375;0.58203125;0.6328125;0.015625;0.31640625;0.4765625;0.23828125;0.31640625;0.6015625
0.30078125;0.09375;0.41015625;0.1796875;0.421875;0.125;0.59375;0.13671875;0.18359375;0.2734375;0.4921875;0.05078125;0.64453125;0.359375;0.90625;0.234375
0.8984375;0.0703125;0.24609375;0.21875;0.72265625;0.14453125;0.37109375;0.32421875;0.97265625;0.1640625;0.1484375;0.29296875;0.734375;0.0703125;0.015625;0.3359375
0.5703125;0.06640625;0.375;0.72265625;0.67578125;0.30859375;0.20703125;0.86328125;0.28515625;0.31640625;0.2109375;0.55859375;0.56640625;0.3671875;0.21875;0.9453125
0.63671875;0.23828125;0.4921875;0.34765625;1.16015625;0.39453125;0.44140625;0.546875;0.75;0.18359375;0.22265625;0.41796875;1.26953125;0.1328125;0.76171875;0.3359375
0.48828125;0.8671875;0.3359375;0.27734375;0.59765625;0.875;0.0546875;0.38671875;0.2109375;0.34765625;0.10546875;0.0234375;0.57421875;0.5390625;0.09375;0.2578125
0.6484375;0.828125;0.015625;0.640625;0.234375;0.48046875;0.23046875;0.2109375;0.6484375;0.40625;0.01171875;0.2890625;0.54296875;0.17578125;0.14453125;0.23828125
0.7578125;0.48046875;0.0625;0.21484375;0.0859375;0.50390625;0.26953125;0.07421875;0.49609375;0.44140625;0.046875;0.32421875;0.6640625;0.03125;0.00390625;0.17578125
0.54296875;0.79296875;0.65625;0.66015625;0.65625;0.72265625;0.21484375;0.78125;0.60546875;0.43359375;0.62890625;1.04296875;0.59375;0.01171875;0.49609375;0.765625
0.2109375;0.02734375;0.17578125;0.02734375;0.45703125;0.19921875;0.65234375;0.30078125;0.09765625;0.109375;0.05859375;0.0625;0.015625;0.0859375;0.16015625;0.0234375
0.65234375;1.23828125;0.46875;0.1953125;0.60546875;2.23046875;1.17578125;0.2109375;0.2109375;1.5;0.9765625;0.46875;0.16796875;1.5859375;0.890625;0.08203125
0.17578125;0.12109375;0.5546875;0.19921875;0.22265625;0.9375;0.55859375;0.46484375;0.07421875;0.3046875;0;0.15234375;0.1015625;0.09765625;0.2265625;0.05859375
0.34765625;0.7421875;0.22265625;0.2109375;0.15234375;0.23046875;0.2265625;0.140625;0.39453125;0.734375;0.078125;0.015625;0.06640625;0.83203125;0.1171875;0.12109375
0.50390625;0.5234375;0.14453125;0.14453125;0.26953125;0.578125;0.140625;0.11328125;0.57421875;0.67578125;0.33203125;0.12890625;0.4140625;0.5234375;0.1171875;0.15234375
0.265625;0.34765625;0.16015625;0.5390625;0.4921875;0.609375;0.15625;0.86328125;0.35546875;0.1328125;0.15625;0.421875;0.5;0.1796875;0.328125;0.62109375
0.58984375;0.71484375;0.046875;1.0078125;0.46484375;0.0390625;0.21484375;0.3046875;0.4765625;0.125;0.12890625;0.41796875;0.12890625;0.0625;0.15234375;0.375
0.453125;0.29296875;0;0.01171875;0.73828125;0.390625;0.359375;0.04296875;0.8828125;0.58984375;0.2265625;0.1640625;0.953125;0.55078125;0.46484375;0.4453125
0.2421875;0.3046875;0.4453125;0.5546875;0.24609375;0.22265625;0.38671875;0.6875;0.00390625;0.12890625;0.2109375;0.3125;0.1796875;0.01171875;0.2578125;0.875
0.140625;0.2734375;0.62890625;0.5;0.01953125;0.17578125;0.10546875;0.44140625;0.12109375;0.02734375;0.25;0.515625;0.04296875;0.0234375;0.64453125;0.41015625
0.23828125;0.04296875;0.21875;0.1875;0.65234375;0.31640625;0.44921875;0.26953125;0.00390625;0.33203125;0.26171875;0.15234375;0.53515625;0.3828125;0.25;0.1015625
0.4375;0.34375;0.03515625;0.40234375;0.6015625;0.1796875;0.6171875;0.453125;0.7578125;0.015625;0.421875;0.234375;0.125;0.4140625;0.59375;0.26171875
0.1171875;0.75390625;1.1953125;0.8203125;0.15625;0.79296875;0.859375;0.84765625;0.0703125;0.00390625;0.2578125;0.22265625;0.0234375;0.6953125;0.57421875;0.50390625
1;0.18359375;0.58203125;0.76171875;0.27734375;0.2265625;0.328125;0.328125;0.56640625;0.21875;0.57421875;0.7734375;0.66015625;0.125;0.40234375;0.578125
0.08203125;0.27734375;0.03515625;0.078125;0.39453125;0.0703125;0.07421875;0.0703125;0.25390625;0.14453125;0.0390625;0.08203125;0.04296875;0.3203125;0.12890625;0.234375
0.6640625;0.38671875;0.76953125;0.6484375;0.33203125;0.046875;0.2578125;0.7734375;0.6953125;0.23828125;0.22265625;0.6796875;0.65625;0.2890625;0.2578125;0.59375
0.4296875;0.11328125;0.13671875;0.15234375;0.328125;0.2265625;0.59375;0.24609375;0.9140625;0.1484375;0.2109375;0.203125;0.89453125;0.18359375;0.04296875;0.2265625
0.7265625;0.38671875;0.23828125;1.0078125;0.02734375;0.2421875;0.17578125;0.984375;0.16796875;0.86328125;0.60546875;0.7265625;0.33203125;0.640625;0.78515625;0.9375
0.06640625;0.421875;0.41796875;0.39453125;0.41015625;0.4296875;0.0859375;0.12109375;0.09765625;0.3359375;0.546875;0.19140625;0.15234375;0.0625;0.20703125;0.1171875
0.53125;0.203125;0.90625;0.43359375;0.42578125;0.43359375;0.3515625;0.2109375;0.3984375;0.0546875;0.8671875;0.33203125;0.67578125;0.51953125;0.73046875;0.2890625
0.25;0.31640625;0.09765625;0.1171875;0.0625;0.52734375;0.09375;0.453125;0.2578125;0.671875;0.16015625;0.1484375;0.15625;0.40625;0.11328125;0.07421875
0.22265625;0.0234375;0.515625;0.4453125;0.578125;0.2578125;0.89453125;0.71484375;0.15625;0.1484375;0.61328125;0.43359375;0.234375;0.328125;0.82421875;0.55078125
0.953125;0.1328125;0.7109375;0.48828125;0.515625;0.1328125;0.16796875;0.26953125;0.50390625;0.1328125;0.3046875;0.296875;0.5390625;0.1015625;0.2421875;0.27734375
0.69140625;0.4921875;0.33203125;0.3046875;1.203125;0.70703125;0.859375;0.3515625;1.2109375;0.359375;0.5;0.62109375;1.1875;0.11328125;0.26953125;0.5625
0.02734375;0.1171875;0.00390625;0.07421875;0.06640625;0.08984375;0.19140625;0.5390625;0.1328125;0.125;0.3828125;0.60546875;0.18359375;0.375;0.51171875;1.47265625
0.3359375;0.109375;0.13671875;0.25;0.00390625;0.25;0.0703125;0.375;0.0390625;0.046875;0.1015625;0.42578125;0.3984375;0.125;0.11328125;0.14453125
0.2890625;0;0.4375;0.3671875;0.31640625;0.24609375;0.3125;0.4921875;0.44140625;0.2265625;0.27734375;0.62109375;0.4609375;0.09375;0;0.6640625
0.390625;0.0625;0.4765625;0.0078125;0.28125;0.23046875;0.82421875;0.18359375;0.0703125;0.1328125;0.609375;0.01953125;0.45703125;0.26953125;1.02734375;0.4609375
1.86328125;0.1796875;0.4296875;0.484375;1.75;0.07421875;0.19140625;0.16015625;0.7109375;0.24609375;0.23828125;0.171875;1.125;0.22265625;0.1640625;0.0625
0.6484375;0.03515625;0;0.05078125;0.30859375;0.16015625;0.05859375;0.046875;0.40625;0.23046875;0.1640625;0.2578125;0.234375;0.1796875;0.2265625;0.125
0.0078125;0.55859375;0.08984375;0.05859375;0.48046875;0.23828125;0.1484375;0.25390625;0.04296875;0.234375;0.4140625;0.20703125;0.375;0.6796875;0.1015625;0.109375
0.35546875;0.05078125;0.72265625;0.5;0.37890625;0.20703125;0.16015625;0.4921875;0.7265625;0.26953125;0.02734375;0.1484375;0.48046875;0.03125;0.234375;0.17578125
0.15234375;0.28125;0.03125;0.1953125;0.33203125;0.5703125;0.4453125;0.4609375;0.18359375;0.0703125;0.23046875;0.0859375;0.3046875;0.37109375;0.2109375;0.4375
0.640625;0.3984375;0.75390625;0.34375;0.41796875;0.3046875;0.359375;0.09765625;0.26953125;0.0546875;0.01953125;0.2734375;0.34375;0.0546875;0.62890625;0.34765625
0.9140625;0.078125;0.09765625;0.85546875;1.12890625;0.3359375;0.2421875;0.90625;0.6171875;0.109375;0.27734375;0.65234375;0.3359375;0.0625;0.0625;0.2421875
0.37109375;0.21875;1.15234375;0.21875;0.1328125;0.85546875;0.89453125;0;0.5;0.078125;0.83984375;0.2734375;0.3515625;0.80078125;1.5625;0.16015625
0.375;0.609375;0.515625;0.26171875;0.296875;0.2578125;0.48828125;0.0859375;0.5;0.4453125;0.671875;0.2734375;0.359375;0.28125;0.4609375;0.21484375
0.140625;0.16796875;0.03125;0.21484375;0.2421875;0.140625;0.18359375;0.30859375;0.22265625;0.03515625;0.19140625;0.21484375;0.58203125;0.25390625;0;0.26171875
0.15234375;0.31640625;0.6171875;0.1875;0.8359375;0.11328125;0.15234375;0.70703125;0.87109375;0.203125;0.29296875;0.640625;0.51171875;0.25390625;0.49609375;0.02734375
0.1640625;0.40234375;0.0625;0.0703125;0.18359375;0.72265625;0.296875;0.0390625;0.12890625;0.796875;0.1796875;0.1796875;0.06640625;0.703125;0.20703125;0.296875
0.20703125;0.16015625;0.41796875;0.1953125;0.234375;0.0625;0.7578125;0.29296875;0.0390625;0.01953125;0.51171875;0.26953125;0.046875;0.18359375;1.40625;0.6015625
0.33984375;0.0859375;0.734375;0.28515625;0.54296875;0.11328125;0.33984375;0.09765625;0.55078125;0.07421875;0.63671875;0.125;0.41015625;0.19921875;0.4765625;0.3203125
0.734375;0.02734375;0.09375;0.1796875;0.39453125;0.2890625;0.55859375;0.09765625;0.69921875;0.26171875;0.1796875;0.32421875;0.60546875;0.10546875;0.3984375;0.03125
0.16796875;0.41796875;0.30859375;0.1484375;0.3671875;1.3125;0.95703125;0.0859375;0.19140625;1.00390625;0.57421875;0.2109375;0.32421875;0.7109375;1.02734375;0.1953125
0.24609375;0.26953125;0.71875;0.2578125;0.03125;0.3046875;0.5703125;0.32421875;0.10546875;0.08984375;0.19140625;0.19140625;0.16015625;0.546875;0.4140625;0.37890625
0.2734375;0.515625;0.1015625;0.6015625;0.3203125;0.44140625;0.171875;0.10546875;0.38671875;0.29296875;0.63671875;0.60546875;0.27734375;0.03125;0.24609375;0.8125
0.74609375;0.36328125;0.34375;0.25;0.15625;0.04296875;0.234375;0.01171875;0.2265625;0.1953125;0.01171875;0.44921875;0.4921875;0.21484375;0.140625;0.19140625
0.640625;0.6328125;0.41796875;0.37109375;0.6796875;0.515625;0.109375;0.1875;1.34375;0.25390625;0.94921875;0.36328125;1.10546875;0.3046875;0.67578125;0.34765625
0.01171875;0.078125;0.01171875;0.234375;0.140625;0.09765625;0.19140625;0.53515625;0.2578125;0.03125;0.2109375;0.54296875;0.39453125;0.24609375;0.4609375;0.5703125
0.515625;0.27734375;0.203125;0.265625;0.53515625;0.3984375;0.07421875;1.0390625;0.2421875;0.50390625;0.203125;0.48046875;0.09375;0.37109375;0.40625;0.73828125
0.359375;0.40625;0.328125;0.0703125;0.30859375;0.64453125;0.625;0.0546875;0.34375;0.1171875;0.3671875;0.01171875;0.16796875;0.17578125;0.0703125;0.05078125
0.078125;0.375;0.265625;0.484375;0.36328125;0.21875;0.38671875;0.171875;0.10546875;0.09375;0.1171875;0.609375;0.2578125;0.53515625;0.3828125;0.0625
0.1015625;0.359375;0.265625;0.82421875;0.27734375;0.0390625;0.140625;0.62109375;0.13671875;0.24609375;0.10546875;1.125;0.18359375;0.20703125;0.12890625;0.76953125
0.28515625;0.03515625;0.046875;0.1875;0.55859375;0.77734375;0.74609375;0.1015625;0.14453125;0.078125;0.11328125;0.12890625;0.1875;0.3203125;0.09765625;0.16796875
0.90625;1.3671875;0.9375;1.3046875;0.68359375;0.625;0.59375;0.20703125;0.671875;0.92578125;0.66796875;0.40234375;0.27734375;0.73046875;0.14453125;0.453125
0.1875;0.5546875;0.14453125;0.25;0.29296875;0.76953125;0.29296875;0.0625;0.03515625;0.6875;0.16796875;0.06640625;0.296875;0.48828125;0.14453125;0.50390625
0.36328125;0.28125;0.41796875;0.51171875;0.37109375;0.2734375;0.359375;0.58984375;0.20703125;0.22265625;0.2578125;0.43359375;0.484375;0.31640625;0.08203125;0.83984375
0.0078125;0.33984375;0.01953125;0.078125;0.41015625;0.3203125;0.29296875;0.00390625;0.26171875;0.5234375;0.12109375;0.0703125;0.26171875;0.1171875;0.33203125;0.25
0.37890625;0.0234375;0.10546875;0.23828125;0.078125;0.09765625;0.04296875;0.28125;0.15234375;0.02734375;0.0390625;0.5390625;0.07421875;0.06640625;0.08984375;0.44140625
0.0703125;0.39453125;0.16015625;0.42578125;0.2265625;0.8359375;0.6796875;0.64453125;0.03515625;0.6484375;0.23828125;0.51953125;0.19140625;0.59765625;0.734375;0.38671875
0.17578125;1.19921875;0.87890625;0.203125;0.3203125;1.2265625;1.0546875;0.453125;0.1328125;0.40234375;0.3046875;0.140625;0.328125;1.02734375;0.76953125;0.5234375
1.05078125;0.87890625;0.10546875;0.0546875;0.69921875;0.5;0.04296875;0.046875;1.1875;0.7890625;0.2421875;0.15234375;1.00390625;0.171875;0.10546875;0.34375
0.44921875;0.30859375;1.02734375;0.01953125;0.46484375;0.30078125;0.05859375;0.09375;0.44921875;0.10546875;0.515625;0.06640625;0.17578125;0.46484375;0.984375;0.140625
0.2890625;0.8984375;1.046875;0.15234375;0.20703125;0.46875;0.83203125;0.20703125;0.43359375;0.55078125;1.11328125;0.3984375;0.30859375;0.6015625;0.8828125;0.1796875
0.0078125;0.34765625;0.12890625;0.265625;0.0078125;0.4765625;0.87109375;0.37890625;0.078125;0.58984375;0.4375;0.07421875;0.03515625;0.50390625;0.375;0.125
0.05078125;0.16796875;0.95703125;0.6328125;0.421875;0.55078125;1.05078125;0.359375;0.5;0.80859375;0.5078125;0.56640625;0.4375;0.68359375;0.5703125;0.39453125
0.484375;0.38671875;0.11328125;0.78125;0.3359375;0.24609375;0.28125;0.83203125;0.0390625;0.32421875;0.19921875;0.421875;0.171875;0.203125;0.06640625;0.25
0.41796875;1.08984375;0.12109375;0.43359375;0.00390625;0.9140625;0.1015625;0.47265625;0.59375;0.859375;0.015625;0.36328125;0.1015625;1.234375;0.1953125;0.6484375
0.234375;0.09375;0.46875;0.46875;0.00390625;0.11328125;0.0546875;0.03515625;0.359375;0.015625;0.4921875;0.39453125;0.140625;0.0390625;0.33203125;0.26953125
0.46484375;0.0390625;0.171875;0.31640625;0.9765625;0;0.47265625;0.31640625;0.67578125;0.02734375;0.28515625;0.15234375;0.625;0.0546875;0.4609375;0.46484375
0.81640625;1.23046875;0.61328125;0.703125;0.1875;1.20703125;0.91796875;0.1484375;0.09765625;1.31640625;1.08203125;0.0625;0.23046875;0.875;0.26171875;0.30078125
0.81640625;0.26171875;0.1015625;0.37890625;1.20703125;0.6875;0.06640625;0.45703125;0.8359375;0.6796875;0.07421875;0.56640625;0.375;0.70703125;0.171875;0.5859375
0.0859375;0.16015625;0.10546875;0.3828125;0.19921875;0.0703125;0.046875;0.4375;0.27734375;0.015625;0.04296875;0.3046875;0.328125;0.05078125;0.20703125;0.62890625
0.0546875;0.109375;0.10546875;0.59765625;0.5546875;0.80859375;0.234375;0.125;0.4140625;0.6328125;0.1171875;0.2109375;0.09375;0.3828125;0.0234375;0.3828125
0.109375;0.04296875;1.234375;0.78515625;0.23828125;0.28125;1.23046875;1.29296875;0.19140625;0.625;0.9921875;0.7734375;0.13671875;0.5078125;1.265625;1.33984375
0.4453125;0.15625;0.1875;0.296875;0.08984375;0.16796875;0.27734375;0.71484375;0.1640625;0.0390625;0.10546875;0.38671875;0.43359375;0.078125;0.2734375;0.54296875
0.87890625;0.3984375;1.09375;0;0.57421875;0.484375;1.078125;0.2890625;0.22265625;0.35546875;0.1875;0.0234375;0.30078125;0.421875;0.9296875;0.69921875
0.37890625;0.25;0.23046875;0.01171875;0.24609375;0.11328125;0.15234375;0.09765625;0.3828125;0.1328125;0.0078125;0.625;0.10546875;0.28125;0.14453125;0.26171875
0.38671875;0.0859375;0.58203125;0.48046875;0.265625;0.1015625;0.38671875;0.16015625;0.4140625;0.05859375;0.37890625;0.3671875;0.1015625;0.06640625;0.234375;0.10546875
0.83984375;0.04296875;0.1171875;0.18359375;0.7890625;0.25;0.16015625;0.1640625;1.16015625;0.19921875;0.0859375;0.27734375;0.94140625;0.16796875;0.07421875;0.1484375
0.4765625;0.22265625;0.27734375;0.4140625;0.70703125;0.60546875;0.01171875;0.75390625;0.4296875;0.71875;0.61328125;0.51171875;0.140625;0.578125;0.71484375;0.46484375
0.51953125;1.37109375;0.03515625;0.39453125;0.36328125;1.1171875;0.26953125;0.47265625;0.18359375;0.6015625;0.3046875;0.484375;0.1328125;1.078125;0.140625;0.41015625
0.0625;0.50390625;0.30859375;0.46875;0.2578125;0.25;0.8203125;0.86328125;0.23828125;0.25390625;0.015625;0.4765625;0.02734375;0.0625;0;0.1171875
0.77734375;0.3046875;0.2109375;0.5625;0.93359375;0.40234375;0.05859375;0.1328125;0.5625;0.015625;0.33984375;0.671875;1.15625;0.77734375;0.0703125;0.5390625
0.0390625;0.48046875;0.203125;0.18359375;0.0234375;0.08984375;0.08203125;0.3359375;0.05078125;0.55859375;0.2578125;0.18359375;0.03125;0.3359375;0.08984375;0.2265625
0.16796875;0.12890625;0.15234375;0.48828125;0.63671875;0.41015625;0.36328125;0.5859375;0.07421875;0.1015625;0.00390625;0.46875;0.0078125;0.00390625;0.30078125;0.734375
1.07421875;0.19140625;0.82421875;0;0.15625;0.22265625;0.47265625;0.55859375;0.078125;0.80859375;0.1875;1.484375;0.05078125;0.546875;0.14453125;0.65625
0.2265625;0.19140625;1.05859375;0.72265625;0.44140625;0.171875;1.04296875;0.00390625;0.03125;0.37109375;0.9375;0.375;0.046875;0.6796875;1.5859375;0.76953125
0.34375;0.078125;0.4296875;0.4296875;0.0078125;0.3359375;0.06640625;0.140625;0.0703125;0.328125;0.06640625;0.1484375;0.14453125;0.578125;0.171875;0.40234375
0.95703125;0.34765625;0.15234375;0.3046875;0.21484375;0.06640625;0.02734375;0.57421875;0.58984375;0.51171875;0.578125;0.421875;0.00390625;0.32421875;0.5859375;0.30078125
0.77734375;0.203125;0.84375;0.078125;0.0234375;0.02734375;0.27734375;0.02734375;0.33203125;0.30859375;0.4453125;0.14453125;0.3203125;0.16796875;0.65625;0.08203125
0.33984375;0.55078125;0.07421875;0.0703125;0.95703125;1.0078125;0.00390625;0.62109375;0.59375;0.7734375;0.1328125;0.40234375;0.57421875;0.62109375;0.02734375;0.4375
0.14453125;0.00390625;0.56640625;0.15234375;0.18359375;0.19921875;0.03515625;0.43359375;0.34375;0.41796875;0.5546875;0.6171875;0.45703125;0.25390625;0.86328125;0.3046875
0.109375;0.03515625;0.32421875;0.0078125;0.015625;0.0546875;0.40625;0.95703125;0.15625;0.05078125;0.34375;0.296875;0.08203125;0.04296875;0.4296875;0.8359375
0.52734375;0.28125;0.76171875;0.23828125;0.37890625;0.19140625;0.85546875;0.375;0.69140625;0.08203125;0.78515625;0.125;0.453125;0.09765625;0.55859375;0.53515625
0.4765625;0.40234375;0.921875;0.33203125;0.36328125;0.0625;0.265625;0.34765625;0.43359375;0.2578125;0.13671875;0.53515625;0.74609375;0.00390625;0.80859375;0.3828125
0.36328125;0.2890625;0.3515625;0.36328125;0.25;0.390625;0.296875;0.5234375;0.11328125;0.328125;0.29296875;0.35546875;0.0703125;0.1484375;0.3671875;0.5859375
0.0703125;0.25;0.09375;0.24609375;0.43359375;0.58984375;0.1640625;0.34765625;0.0703125;0.44140625;0.03515625;0.140625;0.609375;0.078125;0.1875;0.3359375
0.6875;0.17578125;0.11328125;0.6796875;0.5078125;0.3828125;0.203125;0.2265625;0.72265625;0.28125;0.15625;0.5;0.3203125;0.08203125;0.01171875;0.3671875
0.26953125;0.21875;0.078125;0.359375;0.13671875;0.234375;0.2109375;0.49609375;0.09375;0.53125;0.4609375;0.91796875;0.16015625;0.2109375;0.0390625;0.65625
0.1796875;0.3828125;0.05078125;0.0625;0.31640625;0.9609375;0.328125;0.46484375;0.37109375;0.58203125;0.15625;0.53515625;0.25;0.62109375;0.203125;0.3046875
0.09765625;0.1953125;0.4296875;0.21484375;0.6953125;0.15625;0.109375;0.46875;0.8828125;0.04296875;0.08203125;0.80859375;0.296875;0.0390625;0.37109375;0.0078125
0.109375;0.72265625;0.48828125;0.4609375;0.50390625;0.01953125;0.0546875;0.515625;0.1875;0.75390625;0.640625;0.8125;0.2734375;0.43359375;0.41015625;0.64453125
0.36328125;0.79296875;0.60546875;0.140625;0.40625;0.3046875;0.59765625;0.21484375;0.4140625;0.41015625;0.34375;0.08984375;0.3984375;0.70703125;0.64453125;0.1640625
0.02734375;0.80078125;0.3046875;0;0.40234375;0.10546875;0.46875;0.6015625;0.17578125;0.1484375;0.3125;0.234375;0.140625;0.171875;0.71484375;0.265625
0.453125;0.9609375;0.0859375;0.16015625;0.34765625;0.328125;0.09765625;0.015625;0.21484375;0.49609375;0.58984375;0.390625;0.19921875;0.3671875;0.2109375;0.00390625
0.140625;0.21484375;0.09765625;0.22265625;0.41015625;0.07421875;0.078125;0.16015625;0.1171875;0.08203125;0.00390625;0.046875;0.56640625;0.51171875;0.203125;0.16796875
0.484375;0.19921875;0.1171875;0.296875;1.0234375;0.79296875;0.25;0.02734375;0.7421875;0.6328125;0.16796875;0.12109375;0.6328125;0.58203125;0.3125;0.1015625
0.29296875;0.21875;0.25;0.01171875;0.12890625;0.17578125;0.05078125;0.09375;0.24609375;0.33203125;0.32421875;0.171875;0.5;0.17578125;0.45703125;0.08203125
0.4609375;0.84375;0.70703125;0.69140625;0.03125;0.6484375;0.4375;0.8828125;0.5390625;0.83984375;0.33203125;0.4765625;0.3515625;0.05078125;0.20703125;0.0859375
0.2109375;0.12890625;0.54296875;0.34375;0.375;0.15625;0.9140625;0.25;0.1796875;0.0703125;0.5078125;0.546875;0.35546875;0.4375;0.05859375;0.71484375
0.2578125;0.44140625;0.5703125;0.22265625;0.08203125;0.01171875;0.5703125;0.15234375;0.0234375;0.296875;0.296875;0;0.0390625;0.0625;0.58984375;0.08984375
0.5859375;0.6171875;0.16015625;0.45703125;0.671875;0.72265625;0.06640625;0.2890625;0.515625;0.54296875;0.11328125;0.17578125;0.5390625;0.58203125;0.0625;0.69140625
0.09765625;0.59375;0.46484375;0.44921875;1.19140625;1.2734375;0.51953125;0.27734375;0.45703125;0.87109375;0.61328125;0.37109375;0.33984375;0.48828125;0.36328125;0.23046875
0.125;0.1953125;0.01953125;0.33984375;0.47265625;0.30078125;0.15234375;0.203125;0.140625;0.22265625;0.17578125;0.4296875;0.03515625;0.140625;0.28515625;0.171875
0.2109375;0.4453125;0.62109375;0.51171875;0.3125;0.2109375;0.26171875;0.59765625;1.03125;0.05078125;0.9296875;0.50390625;0.54296875;0.03515625;0.58203125;0.171875
0.16796875;0.09375;0.04296875;0.37890625;0.8046875;0.02734375;0.31640625;0.7734375;0.57421875;0.296875;0.16015625;0.51171875;0.4375;0.1328125;0.14453125;0.5078125
0.19921875;0.42578125;0.75;0.43359375;0.046875;0.03515625;0.43359375;0.2578125;0.33203125;0.203125;0.015625;0.046875;0.484375;0.25390625;0.453125;0.3359375
0.23046875;0.140625;0.45703125;0.55859375;0.0703125;0.515625;0.01953125;0.60546875;0.11328125;0.32421875;0.234375;0.3203125;0.125;0.2578125;0.09375;0.21484375
0.83984375;0.03515625;0.2890625;0.3359375;0.3046875;0.54296875;0.37109375;0.5234375;0.1328125;0.1015625;0.2265625;0.5546875;0.640625;0.5703125;0.0234375;0.640625
0.00390625;0.05078125;0.03125;0.54296875;0.37109375;0.15234375;0.53515625;0.046875;0.2421875;0.48046875;0.296875;0.09765625;0.34375;0.07421875;0.6171875;0.1328125
1.0234375;0.3359375;0.0859375;0.33203125;0.53125;0.0625;0.15234375;0.171875;0.6953125;0.27734375;0.046875;0.1796875;0.2578125;0.1171875;0.2578125;0.19140625
0.38671875;0.23046875;0.3359375;1.140625;0.1484375;0.05078125;0.2265625;0.296875;0.453125;0.2578125;0.19140625;0.46875;0.70703125;0.29296875;0.48046875;0.7890625
0.6875;0.37890625;0.1484375;0.1875;1.23828125;0.2109375;0.578125;0.5859375;1.05859375;0.25390625;0.44140625;0.4375;0.95703125;0.1328125;0.50390625;0.34375
0.48828125;0.01171875;0.171875;0.1875;0.09765625;0.484375;0.28515625;0.05859375;0.55859375;0.83203125;0.18359375;0.328125;0.73828125;0.3828125;0.08984375;0.39453125
0.2578125;1.01953125;0.07421875;0.3984375;0.19140625;0.390625;0.2421875;0.0703125;0.44921875;0.6796875;0.46875;0.34375;0.55078125;0.05078125;0.25390625;0.12109375
0.03125;0.55078125;0.0625;0.15234375;0.9375;0.24609375;0.1484375;0.1796875;0.2109375;0.55078125;0.11328125;0.02734375;0.4609375;0.48046875;0.47265625;0.08984375
0.39453125;0.49609375;1.1015625;1.1015625;0.35546875;0.10546875;0.54296875;0.79296875;0.31640625;0.0078125;0.33203125;0.515625;0.6796875;0.07421875;1.00390625;1.3203125
0.34765625;0.2109375;0.06640625;0.23046875;0.0546875;0.078125;0.14453125;0.08984375;0.125;0.08203125;0.078125;0.0859375;0.06640625;0.203125;0.21484375;0.0390625
0.59765625;1.0390625;0.33984375;0.36328125;0.796875;2.37109375;1.21484375;0.08984375;0.58203125;1.4140625;0.6171875;0.21484375;0.73046875;0.95703125;0.1484375;0.390625
0.046875;0.3125;0.75;0.0859375;0.18359375;0.99609375;0.06640625;0.171875;0.01953125;0.359375;0.78125;0.08984375;0.06640625;0.30859375;0.109375;0.484375
0.34375;0.64453125;0;0.0546875;0.3671875;0.40234375;0.2890625;0.46484375;0.13671875;0.94921875;0.09375;0.06640625;0.00390625;0.7890625;0.0546875;0.1640625
0.26953125;0.421875;0.46875;0.078125;0.24609375;0.921875;0.77734375;0.1796875;0.08203125;0.6953125;0.2578125;0;0.24609375;0.625;0.375;0.0390625
0.55078125;0.0625;0.15625;0.33203125;0.609375;0.2890625;0.0078125;0.58203125;0.390625;0.59765625;0.03125;0.75390625;0.41796875;0.46875;0.625;0.92578125
0.4921875;0.02734375;0.3203125;0.40625;0.06640625;0.3671875;0.09765625;0.578125;0.71484375;0.67578125;0.265625;0.671875;0.46875;0.37890625;0.26953125;0.4453125
1.08203125;0.34375;0.640625;0.3671875;0.984375;0.10546875;0.31640625;0.48828125;0.8125;0.2578125;0.2890625;0.47265625;1.37109375;0.59765625;0.265625;0.4140625
0.2421875;0.19140625;0.64453125;0.19140625;0.23828125;0.234375;0.34765625;0.58984375;0.0078125;0.15625;0.14453125;0.28125;0.09765625;0.25390625;0.01953125;0.328125
0.16015625;0.14453125;0.671875;0.22265625;0.15625;0.33203125;0.140625;0.04296875;0.01171875;0.06640625;0.09765625;0.95703125;0.24609375;0.1953125;0.2578125;0.46484375
0.40234375;0.1484375;0.11328125;0.10546875;0.06640625;0.08203125;0.22265625;0.03125;0.14453125;0.30859375;0.01171875;0.078125;0.03125;0.0625;0.09375;0.0859375
0.44921875;0.18359375;0.5078125;0.59375;0.6875;0.39453125;0.85546875;0.484375;0.515625;0.02734375;0.5703125;0.38671875;0.3515625;0.1328125;0.390625;0.16015625
0.1875;0.44921875;0.69140625;0.546875;0.21484375;0.140625;0.5390625;0.03515625;0.0625;0.52734375;0.3046875;0.640625;0.28515625;0.8984375;0.98046875;0.91796875
0.29296875;0.359375;0.45703125;0.5;0.140625;0.2890625;0.171875;0.66015625;0.421875;0.37890625;0.71484375;0.38671875;0.55078125;0.109375;0.41796875;0.5078125
0.125;0.140625;0.2890625;0;0.046875;0.3671875;0.125;0.16015625;0.6484375;0.19140625;0.0625;0.078125;0.91015625;0.1484375;0.25;0.1328125
0.578125;0.25;0.09765625;0.9453125;0.37109375;0.046875;0.23828125;0.671875;0.4140625;0.1796875;0.046875;0.45703125;0.78515625;0.33203125;0.08203125;0.98046875
0.82421875;0.00390625;0.10546875;0.37890625;0.57421875;0.0625;0.234375;0.33203125;0.48046875;0.04296875;0.0234375;0.3359375;0.45703125;0.3359375;0.61328125;0.1953125
0.69921875;0.06640625;0.390625;0.6328125;0.40234375;0.3359375;0.4453125;1.3046875;0.5234375;0.046875;0.49609375;0.734375;0.5625;0.26953125;0.015625;0.4453125
0.328125;0.08984375;0.10546875;0.16796875;0.1171875;0.28515625;0.4140625;0.05859375;0.3828125;0.25;0.0390625;0.07421875;0.20703125;0.04296875;0.12890625;0.26171875
0.296875;0.46875;0.3046875;0.05078125;0.0703125;0.46484375;0.11328125;0.375;0.58984375;0.37109375;0.75390625;0.1875;0.140625;0.05078125;0.6484375;0.03515625
0.43359375;0.359375;0.31640625;0.234375;0.45703125;0.703125;0.37109375;0.890625;0.21484375;0.25390625;0.2109375;0.5703125;0.3359375;0.4140625;0.234375;0.47265625
0.078125;0.3203125;0.765625;0.44140625;0.15625;0.40625;0.72265625;0.40625;0.26953125;0.140625;0.5078125;0.41796875;0.65625;0.23046875;1.05859375;0.90234375
0.671875;0.13671875;0.171875;0.30859375;0.60546875;0.16796875;0.390625;0.34375;0.6796875;0.2265625;0.50390625;0.375;0.46484375;0.0703125;0.328125;0.30078125
1.2734375;0.03125;0.14453125;0.4453125;1.40234375;0.203125;0.8046875;0.19921875;1.0078125;0.1796875;0.2421875;0.2109375;1.8359375;0.23046875;0.74609375;0.64453125
0;0.43359375;0.30859375;0.54296875;0.08203125;0.01953125;0.15625;0.23828125;0.0859375;0.0234375;0.1171875;0.00390625;0.2109375;0.31640625;0.45703125;1.26953125
0.203125;0.08984375;0.05859375;0.11328125;0.3203125;0.09765625;0.171875;0.03125;0.2578125;0.1328125;0.16015625;0.67578125;0.36328125;0.35546875;0.265625;0.15625
0.49609375;0.08984375;0.21875;0.83203125;0.23828125;0.2421875;0.14453125;0.30859375;0.3359375;0.05078125;0.07421875;0.41015625;0.390625;0.09375;0.58203125;0.50390625
0.609375;0.015625;0.578125;0.25;0.3984375;0.21484375;1.13671875;0.22265625;0.3203125;0.046875;0.80859375;0.21875;0.1953125;0.00390625;0.71875;0.2421875
1.08203125;0.18359375;0.359375;0.25;0.65625;0.05078125;0.11328125;0.14453125;1.32421875;0.5078125;0.00390625;0.36328125;1.71875;0.1640625;0.2890625;0.296875
0.64453125;0.5390625;0.22265625;0.04296875;0.390625;0.42578125;0.20703125;0.1484375;0.35546875;0.5234375;0.19921875;0.171875;0.08203125;0.13671875;0.28125;0.1953125
0.42578125;0.01953125;0.05859375;0.0078125;0.3046875;0.77734375;0;0.2421875;0.53515625;0.47265625;0.15625;0.01171875;0.51953125;0.8046875;0.11328125;0.3046875
0.78125;0.578125;0.30859375;0;0.515625;0.37109375;0.046875;0.01953125;0.3125;0.05859375;0.10546875;0.078125;0.921875;0.47265625;0.24609375;0.03125
0.09375;0.390625;0.1640625;0.51171875;0.0078125;0.49609375;0.1171875;0.171875;0.07421875;0.3359375;0.15625;0.18359375;0.0078125;0.37109375;0.2265625;0.16796875
0.34765625;0.18359375;0.9140625;0.08984375;0.53515625;0.30078125;0.75;0.29296875;0.31640625;0.15625;0.87890625;0.09765625;0.390625;0.3359375;0.66796875;0.12109375
0.74609375;0.046875;0.1640625;0.40234375;0.71484375;0.328125;0.03125;0.37109375;0.56640625;0.11328125;0.23828125;0.05078125;0.84765625;0.234375;0.09765625;1.12890625
0.203125;0.671875;0.8515625;0.05078125;0.375;0.765625;0.375;0.00390625;0.55859375;0.5078125;1.36328125;0.30859375;0.48046875;0.18359375;0.47265625;0.14453125
0.5625;0.19921875;0.48828125;0.1796875;0.78515625;0.41015625;0.828125;0.03125;0.38671875;0.4765625;0.51953125;0.015625;0.515625;0.140625;0.5703125;0.125
0.40234375;0.28515625;0.38671875;0.1875;0.64453125;0.1875;0.0078125;0.27734375;0.46484375;0.58203125;0.3125;0.30078125;0.3046875;0.29296875;0.16015625;0.2890625
0.8984375;0.1171875;0.19140625;0.6953125;0.13671875;0.328125;0.6484375;0.37890625;0.02734375;0.21875;0.30078125;0.46484375;0;0.2578125;0.3359375;0.2109375
0.2265625;0.67578125;0.23828125;0.42578125;0.31640625;0.45703125;0.1328125;0.09375;0.1015625;0.46484375;0.1484375;0.234375;0.2109375;1.0703125;0.19921875;0.3828125
0.41796875;0.17578125;0.22265625;0.05078125;0.35546875;0.12890625;0.51953125;0.23046875;0.1015625;0;0.3671875;0.37109375;0.37890625;0.234375;1.02734375;0.578125
0.4765625;0.23828125;0.90234375;0.28125;0.00390625;0.1875;0.296875;0.07421875;0.41015625;0.15234375;0.25;0.11328125;0.25390625;0.02734375;0.140625;0.23046875
1.1171875;0.19921875;0.11328125;0.25;0.5234375;0.13671875;0.30859375;0.1640625;0.40625;0.0234375;0.0546875;0.14453125;1.0390625;0.21484375;0.05078125;0.5390625
0.234375;0.83984375;0.62109375;0.30859375;0.11328125;1.26171875;1.1953125;0.05859375;0.28125;1.05078125;0.87109375;0.0703125;0.296875;0.75390625;0.6953125;0.03515625
0.3671875;0.3671875;0.49609375;0.08203125;0.04296875;0.08984375;0.2734375;0.24609375;0.1875;0.1015625;0.28125;0.37109375;0.24609375;0.578125;0.69140625;0.23046875
0.421875;1.05078125;0.2265625;0.23828125;0.27734375;0.43359375;0.88671875;0.1875;0.62109375;0.77734375;0.37109375;0.05859375;0.33984375;0.21484375;0.45703125;0.81640625
0.61328125;0.2734375;0.0625;0.1484375;0.84375;0.5390625;0.3515625;0.22265625;0.65234375;0.4609375;0.4453125;0.12109375;0.1484375;0.1328125;0.64453125;0.2421875
0.65625;0.7109375;0.6484375;0.21875;0.71875;0.375;0.46484375;0.07421875;0.73828125;0.24609375;0.484375;0.13671875;1.23046875;0.5859375;0.94921875;0.41796875
0.328125;0.3515625;0.06640625;0.17578125;0.0390625;0.1484375;0.37890625;0.0703125;0.14453125;0.12890625;0.27734375;0.03515625;0.59765625;0.21484375;0.15625;0.62890625
0.50390625;0.09765625;0.34765625;0.6640625;0.65234375;0.390625;0.18359375;1.19921875;0.46484375;0.19140625;0.4375;0.89453125;0.640625;0.0546875;0.07421875;0.49609375
0.18359375;0.4921875;0.21875;0.09375;0.28515625;0.17578125;0.640625;0.09765625;0.11328125;0.3984375;0.13671875;0.1171875;0.34375;0.453125;0.3203125;0.19140625
0.29296875;0.3515625;0.046875;0.27734375;0.6640625;0.26171875;0.07421875;0.6171875;0.24609375;0.234375;0.19140625;0.21875;0.09375;0.08203125;0.1640625;0.3828125
0;0.07421875;0.0234375;0.6875;0.16796875;0.09375;0.328125;0.9375;0.27734375;0.0390625;0.1328125;0.39453125;0.16015625;0.01171875;0.09765625;0.65625
0.09375;0.05078125;0.34375;0.0078125;0.40625;0.1328125;0.1796875;0.01953125;0.5625;0.19140625;0.0703125;0.1640625;0.29296875;0.13671875;0.3515625;0.30859375
0.75390625;0.6953125;0.53125;0.3046875;0.2109375;0.8203125;0.1953125;0.85546875;0.9296875;1.01171875;1.13671875;0.9140625;0.58203125;0.7734375;0.77734375;0.65625
0.20703125;0.35546875;0.37890625;0.22265625;0.18359375;0.35546875;0.6328125;0.5859375;0.1953125;0.3125;0.2578125;0.546875;0.125;0.7109375;0.42578125;0.45703125
0.734375;0.22265625;0.234375;0.58984375;0.23828125;0.2734375;0.5;0.51953125;0.3515625;0.1875;0.14453125;0.34765625;0.4375;0.2109375;0.34375;0.58984375
0.375;0.58984375;0.37109375;0.06640625;0.20703125;0.5;0.03125;0.265625;0.27734375;0.078125;0.359375;0.06640625;0.1640625;0.28515625;0.234375;0.28125
0.0234375;0.05078125;0.05859375;0.640625;0.13671875;0.0078125;0;0.16796875;0.01171875;0.08984375;0.09375;0.26953125;0.34765625;0.0546875;0.25;0.55078125
0.046875;0.41796875;0.328125;0.21875;0.2578125;0.94140625;0.609375;0.6796875;0.04296875;0.69921875;0.5625;0.51171875;0.0078125;0.5390625;0.5078125;0.421875
0.40234375;0.59765625;0.3125;0.51171875;0.08984375;0.57421875;0.2421875;0.16796875;0.328125;0.9765625;0.97265625;0.5078125;0.53125;1.1171875;0.8125;0.7109375
0.765625;1.26953125;0.05078125;0.375;0.58203125;0.78515625;0.453125;0.23046875;1.26953125;0.921875;0.0546875;0.0390625;1.09375;0.0078125;0.19921875;0.453125
0.25390625;0.1015625;0.359375;0.0546875;0.27734375;0.609375;1.3046875;0.05078125;0.40234375;0.00390625;0.4765625;0.109375;0.66796875;0.12890625;0.23828125;0.2890625
0.55078125;0.828125;1.62109375;0.79296875;0.109375;0.30859375;0.89453125;0.52734375;0.25;0.28125;0.5390625;0.19140625;0.078125;0.9375;1.70703125;0.625
0.0078125;0.546875;0.265625;0.3046875;0.08203125;0.359375;0.20703125;0.3203125;0.00390625;0.28515625;0.2421875;0.27734375;0.09765625;0.4296875;0.5859375;0.1796875
0.0625;0.0390625;0.4609375;0.0390625;0.44140625;0.65234375;1.19921875;0.40625;0.23046875;0.25390625;0.53125;0.02734375;0.1484375;0.19921875;0.54296875;0.0546875
0.4609375;0.25390625;0.12109375;0.62109375;0.125;0.328125;0.0859375;0.33984375;0.41015625;0.24609375;0.1484375;0.43359375;0.24609375;0.1328125;0.0234375;0.70703125
0.07421875;0.625;0.046875;0.2421875;0.0390625;0.22265625;0.1015625;0.3515625;0.35546875;1.05078125;0.10546875;0.68359375;0.484375;0.46875;0.04296875;0.109375
0.34375;0.08203125;0.31640625;0.17578125;0.3125;0.1640625;0.08203125;0.15234375;0.109375;0.12109375;0.10546875;0.17578125;0.125;0.0390625;0.12890625;0
0.94140625;0.0234375;0.4609375;0.0234375;0.4140625;0.08203125;0.4453125;0.61328125;0.0078125;0.0625;0.171875;0.91015625;1.16015625;0.1640625;0.609375;0.23828125
0.22265625;1.33203125;0.87890625;0.125;0.1015625;0.4375;0.21484375;0.671875;1.03125;0.875;0.80859375;0.34375;0.51953125;0.59765625;0.51171875;0.3125
0.0078125;0.48046875;0.15625;0.265625;0.3203125;0.75390625;0.05859375;0.140625;0.1328125;0.56640625;0.1328125;0.390625;0.671875;1;0.04296875;0.55078125
0.24609375;0.29296875;0.3359375;0.53515625;0.2421875;0.015625;0.1171875;0.3515625;0.00390625;0.30859375;0.53125;0.296875;0.2109375;0.17578125;0.515625;0.42578125
0.265625;0.5234375;0.03515625;0.58203125;0.15625;0.078125;0.14453125;0.0859375;0.0546875;0.12890625;0.05859375;0.0625;0.0859375;0.30078125;0.18359375;0.1484375
0.2109375;0.34765625;1.47265625;1.13671875;0.1484375;0.1875;0.5390625;0.234375;0.02734375;0.44140625;0.89453125;0.81640625;0.3359375;0.12109375;1.69921875;0.97265625
0.0703125;0.26171875;0.1875;0.296875;0.44921875;0.1875;0.21484375;0.5625;0.171875;0.07421875;0.078125;0.53125;0.2421875;0.04296875;0.015625;0.47265625
0.54296875;0.1015625;0.98046875;0.03125;0.42578125;0.421875;0.2265625;0.1328125;0.14453125;0.6796875;0.60546875;0.46484375;0.67578125;0.10546875;1.4453125;0.26171875
0.53125;0.265625;0.4765625;0.12109375;0.2734375;0.13671875;0.2421875;0.90625;0.55078125;0.234375;0.0859375;0.15234375;0.078125;0.25390625;0.3203125;0.41796875
0.0234375;0.125;0.49609375;0.25390625;0.25;0.046875;0.4609375;0.375;0.171875;0.14453125;0.59765625;0.1953125;0.4609375;0.125;0.44921875;0.08984375
1.05078125;0.03125;0.06640625;0.171875;0.70703125;0.15234375;0.07421875;0.05078125;0.5703125;0.1640625;0.01953125;0.15234375;1.40625;0.09375;0.125;0.015625
0.7109375;0.47265625;0.76953125;0.7421875;0.54296875;0.234375;0.26171875;0.16015625;0.453125;0.08984375;0.3359375;0.1953125;0.41796875;0.640625;0.14453125;0.3046875
0.07421875;0.95703125;0.06640625;0.078125;0.45703125;1.61328125;0.125;0.5703125;0.0390625;1.00390625;0.01171875;0.14453125;0.1484375;0.76171875;0.0078125;0.0390625
0.03515625;0.12890625;0.41015625;0.3671875;0.6171875;0.08203125;0.24609375;0.7890625;0;0.140625;0.30078125;0.2734375;0.01953125;0.40625;0.5;0.4453125
0.7421875;0.62890625;0.109375;0.36328125;0.69140625;0.26953125;0.0859375;0.3046875;1.0078125;0.49609375;0.2734375;0.73046875;0.26171875;0.02734375;0.2109375;0.67578125
0.30859375;0.08203125;0.06640625;0.06640625;0.3046875;0.02734375;0.0859375;0.19921875;0.109375;0.21484375;0.28515625;0.41796875;0.1953125;0.03125;0.0703125;0.20703125
0.046875;0.19921875;0.23828125;0.484375;0.01953125;0.25390625;0.08984375;0.53125;0.12109375;0.1796875;0.41015625;0.54296875;0.54296875;0.05859375;0.04296875;0.90625
0.15625;0.64453125;0.2109375;1.2734375;0.31640625;0.9296875;0.390625;0.984375;0.71875;0.25;0.640625;0.0234375;0.23828125;0.28125;0.46875;0.15234375
0.17578125;0.515625;0.75390625;0.5546875;0.11328125;0.25;1.11328125;0.609375;0.12109375;0.30078125;1.1640625;0.56640625;0.1875;0.203125;0.56640625;0.1953125
0.265625;0.65234375;0.046875;0.35546875;0.08984375;0.46875;0.11328125;0.26953125;0.44140625;0.76171875;0.3515625;0.17578125;0.015625;0.44921875;0.0703125;0.375
0.15625;0.05859375;0.265625;0.45703125;0.7578125;0.19140625;0.078125;0.3125;0.05859375;0.234375;0.53125;0.35546875;0.48046875;0.6953125;0.80078125;0.51171875
0.390625;0.16015625;0.59765625;0.01953125;0.60546875;0.2578125;0.66796875;0.203125;1.0390625;0.296875;1.03515625;0.0859375;0.46875;0.0234375;0.7734375;0.12109375
0.3828125;0.69921875;0.28125;0.5546875;0.5390625;0.4140625;0.18359375;0.171875;0.125;0.48828125;0.1875;0.1640625;0.7890625;0.6640625;0.25390625;0.203125
0.02734375;0.0546875;0.203125;0.3125;0.28515625;0.25;0.49609375;0.4765625;0.30859375;0.359375;0.49609375;0.61328125;0.58984375;0.59765625;0.625;0.77734375
0.0390625;0.015625;0.46484375;0.875;0.02734375;0.01953125;0.39453125;0.7265625;0.12109375;0.01953125;0.48828125;0.78515625;0.03125;0.04296875;0.40234375;0.9609375
0.82421875;0.12890625;1.16015625;0.015625;1.140625;0.6171875;1.5234375;0.1953125;1.00390625;0.15234375;1.15625;0.0390625;0.73046875;0.2578125;0.80859375;0.29296875
0.2421875;0.1015625;0.32421875;0.12890625;0.33984375;0.01171875;0.125;0.0625;0.671875;0.16015625;0.92578125;0.34375;0.5;0;0.16796875;0.37109375
0.40625;0.49609375;0.25;0.40625;0.07421875;0.109375;0.1484375;0.31640625;0.19140625;0.03125;0.00390625;0.234375;0.09765625;0.0859375;0.33984375;0.5703125
1.0546875;0.140625;0.3828125;0.3828125;0.0546875;0.29296875;0.0859375;0.02734375;0.2265625;0.28125;0.19921875;0.125;0.32421875;0.65234375;0.2421875;0.1015625
0.89453125;0.37109375;0.08984375;0.6796875;0.66796875;0.19140625;0.0234375;0.78515625;0.67578125;0.30859375;0.0390625;0.58203125;0.578125;0.2578125;0.25390625;0.484375
0.09375;0.546875;0.28125;0.265625;0.078125;0.48046875;0.3046875;0.375;0.08984375;0.41015625;0.3125;0.56640625;0.0703125;0.484375;0.37109375;0.74609375
0.3828125;0.07421875;0.40234375;0.41015625;0.7265625;0.671875;0.20703125;0.48828125;0.4921875;0.40234375;0.140625;0.22265625;0.4140625;0.62109375;0.03515625;0.16796875
1.203125;0.7109375;0.28515625;0.2421875;0.58203125;0.046875;0.1171875;0.390625;0.2265625;0.10546875;0.3828125;0.08984375;0.25390625;0.33984375;0.44140625;0.19140625
0.140625;0.64453125;0.57421875;0.6796875;0.2265625;0.53515625;0.45703125;0.6796875;0.5546875;0.56640625;0.1484375;0.69921875;0.23828125;0.3046875;0.3515625;0.53125
0.0234375;0.44140625;0.1640625;0.28515625;0.24609375;0.6875;0.640625;0.265625;0.2890625;0.6484375;0.6171875;0.25390625;0.21875;0.2734375;0.171875;0.1796875
0.18359375;0.12890625;0.859375;0.23046875;0.21875;0.11328125;0.8203125;0.52734375;0.171875;0.6640625;1.0234375;0.703125;0.01171875;0.203125;0.8515625;0.2734375
0.26171875;0.2578125;0.0390625;0.15625;0.44140625;0.8203125;0.06640625;0.08203125;0.2578125;0.3828125;0.09765625;0.09375;0.453125;0.89453125;0.06640625;0.03515625
0.26171875;0.2265625;0.06640625;0.04296875;0.27734375;0.4609375;0.21484375;0.1328125;0.0234375;0.4140625;0.2421875;0.30078125;0.63671875;0.28125;0.109375;0.08203125
0.6796875;0.81640625;0.4375;0.00390625;0.41796875;0.109375;0.00390625;0.3125;0.39453125;0.203125;0.01953125;0.109375;0.64453125;0.09765625;0.12890625;0.27734375
0.26953125;0.046875;0.03125;0.05859375;0.140625;0.0703125;0.39453125;0.1875;0.14453125;0.16796875;0.421875;0.10546875;0.14453125;0.12890625;0.55078125;0.16015625
0.1875;0.375;0.58984375;0.640625;0.15625;0.6484375;0.37890625;0.71875;0.58984375;0.7890625;0.5;0.6875;0.0859375;0.640625;0.22265625;0.7265625
0.40234375;0.2890625;0.578125;0.75;0.0546875;0.41015625;0.51171875;0.94140625;0.2265625;0.10546875;0.71484375;0.7109375;0.125;0.21484375;0.24609375;0.7109375
0.19921875;0.140625;0.25;0.1484375;0.13671875;0.18359375;0.27734375;0.19921875;0.0234375;0.03125;0.125;0.2265625;0.09375;0.28125;0.66796875;0.32421875
0.40625;0.37890625;0.1015625;0.6796875;0.62890625;0.890625;0.421875;0.20703125;0.35546875;0.4296875;0.1953125;0.296875;0.7265625;0.734375;0.0546875;0.5625
0.890625;0.69140625;0.31640625;0.01953125;0.4765625;0.66015625;0.4140625;0.1484375;0.2734375;0.69140625;0.3671875;0.140625;1.24609375;1.15234375;0.8359375;0.02734375
0.31640625;0.04296875;0.2109375;0.43359375;0.19140625;0;0.23828125;0.2578125;0.33203125;0.11328125;0.015625;0.29296875;0.07421875;0.40234375;0.28125;0.41015625
0.359375;0.13671875;0.98046875;0.265625;0.3984375;0.125;0.53515625;0.21484375;0.5390625;0.08203125;0.55078125;0.50390625;0.80078125;0.2890625;0.58203125;0.234375
0.03515625;0.34765625;0.109375;0.41015625;0.234375;0.171875;0.0390625;0.3125;0.55078125;0.0078125;0.09375;0.6015625;0.23828125;0.03515625;0.0859375;0.40234375
0.37890625;0.53125;0.3828125;0.28125;0.54296875;0.0078125;0.12890625;0.1640625;0.59375;0.26171875;0.33984375;0.3203125;0.16796875;0.265625;0.7265625;0.421875
0.1015625;0.32421875;0.109375;0.41015625;0.0625;0.4296875;0.09765625;0.546875;0.30859375;0.33984375;0.4921875;0.671875;0.171875;0.046875;0.05859375;0.08203125
0.51953125;0.92578125;0.37890625;0.203125;0.6171875;0.5546875;0.234375;0.1640625;0.5546875;0.546875;0.19140625;0.25;0.046875;0.296875;0.015625;0.12109375
0.53515625;0.578125;0.54296875;0.2890625;0.5859375;0.29296875;0.5234375;0.3984375;0.828125;0.44921875;0.8984375;0.08984375;0.48046875;0.3984375;0.36328125;0.57421875
0.1953125;0.01171875;0.30078125;0.0859375;0.8984375;0.3046875;0.04296875;0.19140625;0.23828125;0.0390625;0.296875;0.1484375;0.69140625;0.2109375;0.28125;0.58203125
0.53515625;0.359375;0.33984375;0.64453125;0.83203125;0.4765625;0.29296875;0.796875;0.6640625;0.50390625;0.3828125;1.34765625;0.4921875;0.2890625;0.4375;0.8984375
1.0390625;0.06640625;0.6015625;0.4765625;0.69921875;0.2734375;0.25390625;0.09765625;0.421875;0.08984375;0.12890625;0.12890625;0.75390625;0.359375;0.15234375;0.1640625
0.234375;0.1796875;0.06640625;0.0078125;0.47265625;0.51171875;0.2109375;0.24609375;0.49609375;0.71875;0.03125;0.3203125;0.60546875;1.12890625;0.09765625;0.41015625
0.3515625;0.37890625;0.21875;0.09765625;0.26171875;0.421875;0.00390625;0.04296875;0.65234375;0.60546875;0.2109375;0.34765625;0.296875;0.2421875;0.02734375;0.0546875
1.0390625;0.6875;0.23046875;0.0859375;0.7265625;1.09375;0.23046875;0.18359375;0.4296875;0.796875;0.078125;0.0078125;0.265625;0.671875;0.33203125;0.0390625
0.05078125;0.34765625;0.5234375;0.30859375;0.0234375;0.15625;0.5546875;0.2265625;0.75390625;0.69921875;0.625;1.0390625;0.23046875;0.48046875;0.828125;0.7734375
0.2421875;0.09765625;0.2578125;0.13671875;0.38671875;0.21484375;0.53125;0.1171875;0.234375;0.09765625;0.2421875;0.0390625;0.19921875;0.203125;0.10546875;0.109375
0.703125;1.40625;0.4453125;0.140625;0.13671875;0.921875;0.4921875;0.125;0.1171875;1.09375;0.53125;0.00390625;0.375;1.76953125;0.91796875;0.09375
0.0234375;0.70703125;0.80859375;0.05859375;0.16015625;0.78515625;0.39453125;0.55078125;0.19921875;0.96484375;0.328125;0.35546875;0.171875;0.4921875;0.3515625;0.5078125
0.34765625;0.44921875;0.5703125;0.5390625;0.3671875;0.2109375;0.296875;0.171875;0.03125;0.53125;0.0390625;0.1328125;0.32421875;0.5390625;0.03125;0.1015625
0.109375;0.33984375;0.73046875;0.24609375;0.2265625;0.76171875;0.8984375;0.2890625;0.01953125;0.6953125;0.65234375;0.2109375;0.3203125;0.63671875;0.8125;0.1875
0.5234375;0.75;0.05078125;0.890625;0.3125;0.6328125;0.3671875;0.9140625;0.2890625;0.53125;0.7265625;0.9765625;0.546875;0.04296875;0.09375;0.37890625
0.65234375;0.6171875;0.10546875;0.62890625;0.53515625;0.640625;0.08984375;0.7109375;0.234375;0.203125;0.14453125;0.48046875;0.37890625;0.10546875;0.3515625;0.171875
0.71875;0.2890625;0.08984375;0.1171875;1.1484375;0.22265625;0.1171875;0.19921875;1.13671875;0.2578125;0.1171875;0.26171875;0.53515625;0.00390625;0.04296875;0.234375
0.0390625;0.04296875;0.03125;0.49609375;0.34375;0.4765625;0.45703125;0.83203125;0.1015625;0.25390625;0.0078125;0.9296875;0.28515625;0.3984375;0.453125;0.6796875
0.12109375;0.02734375;0.01171875;0.046875;0.14453125;0.1953125;0.52734375;0.125;0.23828125;0.22265625;0.23046875;0.2890625;0.2421875;0.45703125;0.6484375;0.453125
0.05859375;0.2421875;0.12109375;0.03125;0.38671875;0.328125;0.33984375;0.25390625;0.40234375;0.296875;0.24609375;0.0859375;0.125;0.09765625;0.140625;0.16015625
0.40625;0.046875;0.1875;0.12890625;0.27734375;0.08203125;0.5390625;0.5625;0.4375;0.13671875;0.109375;0.109375;0.53125;0.25390625;0.85546875;0.87890625
0.08984375;0.02734375;0.14453125;0.12109375;0.18359375;0.46875;0.8125;0.71484375;0.125;0.44921875;0.56640625;0.734375;0.14453125;0.78515625;0.921875;0.9453125
0.19140625;0.21875;0.24609375;0.73828125;0.04296875;0.29296875;0.328125;0.55859375;0.5234375;0.3515625;0.73828125;0.69921875;0.03515625;0.29296875;0.3203125;0.53515625
0.58984375;0.2578125;0.25;0.08984375;0.453125;0.109375;0.0078125;0.26953125;0.703125;0.2421875;0.0546875;0.14453125;0.78515625;0.13671875;0.04296875;0.1640625
0.32421875;0.1953125;0.0859375;0.43359375;0.4140625;0.328125;0.0234375;0.27734375;0.65234375;0.203125;0.4296875;0.91015625;0.57421875;0.30078125;0.375;0.5546875
0.609375;0.2421875;0.28515625;0.02734375;0.0390625;0.16796875;0.47265625;0.08203125;0.29296875;0.125;0.11328125;0.08984375;0.9765625;0.0390625;0.25;0.4140625
0.28515625;0.1328125;0.1875;0.546875;0.05078125;0.390625;0.4453125;0.2421875;0.28515625;0.3828125;0.5703125;0.56640625;0.03515625;0.0703125;0.3828125;0.6015625
0.35546875;0.32421875;0.19921875;0.01953125;0.28515625;0.15625;0.25390625;0.203125;0.234375;0.2734375;0.296875;0.06640625;0.41796875;0.31640625;0.09765625;0.1953125
0.67578125;0.39453125;0.83203125;0.59375;0.34765625;0.21484375;0.51171875;0.32421875;0.33984375;0.40625;0.31640625;0.0078125;0.30078125;0.1328125;0.58203125;0.16015625
0.75390625;0.16015625;0.8359375;0.28515625;0.87890625;0.1015625;0.828125;0.23828125;0.546875;0.234375;0.671875;0.6875;0.71875;0.37890625;0.5859375;0.3125
0.4921875;0.21875;0.76953125;0.625;0.5546875;0.19921875;0.79296875;0.74609375;0.7265625;0.421875;1.0546875;0.98828125;0.11328125;0.2421875;0.73046875;0.421875
0.734375;0.15625;0.44140625;0.39453125;0.77734375;0.11328125;0.4921875;0.40625;0.4765625;0.03125;0.3125;0.29296875;0.20703125;0.02734375;0.15625;0.22265625
1.13671875;0.921875;0.6015625;0.3828125;1.5546875;0.58203125;0.61328125;0.3046875;1.56640625;0.4921875;0.65625;0.3125;0.71484375;0.1875;0.21484375;0.046875
0.140625;0.2890625;0.03515625;0.8984375;0.01953125;0.015625;0.07421875;0.421875;0.16015625;0.47265625;0.13671875;0.62890625;0.03125;0.09765625;0.00390625;0.69140625
0.03515625;0.16015625;0.15625;0.10546875;0.08203125;0.09765625;0.05859375;0.01953125;0.265625;0.328125;0.2890625;0.03515625;0.48046875;0.4140625;0.3828125;0.19921875
0.4375;0.15234375;0.1796875;0.5703125;0.41015625;0.16015625;0.546875;0.50390625;0.6015625;0.0234375;0.0234375;0.9609375;0.5078125;0.2734375;0.07421875;0.73046875
0.22265625;0.375;0.61328125;0.12890625;0.73828125;0.26953125;0.65234375;0.36328125;0.078125;0.15625;0.28515625;0.06640625;1.0390625;0.49609375;0.90625;0.359375
0.5234375;0.28125;0.15625;0.22265625;1.51953125;0.0546875;0.484375;0.21484375;1.52734375;0.25;0.33984375;0.078125;1.99609375;0.17578125;0.26953125;0.1171875
0.41796875;0.1875;0.25;0.1328125;0.3359375;0.38671875;0.109375;0.15234375;0.4375;0.51171875;0;0.28125;0.23828125;0.3984375;0.171875;0.19921875
0.265625;0.953125;0.16015625;0.13671875;0.6875;0.4921875;0.26171875;0.3515625;0.625;0.5859375;0.1640625;0.02734375;0.70703125;0.546875;0.03515625;0.234375
0.20703125;0.12890625;0.2421875;0.1171875;0.20703125;0;0.234375;0.0859375;0.59375;0.23828125;0.453125;0.45703125;0.61328125;0.31640625;0.015625;0.359375
0.0546875;0.12890625;0.296875;0.01953125;0.4453125;0.74609375;0.07421875;0.546875;0.1796875;0.1875;0.02734375;0.16015625;0.05078125;0.48828125;0.10546875;0.33203125
0.4375;0.44921875;0.3828125;0.1015625;0.11328125;0.0234375;0.15234375;0.02734375;0.2421875;0.0625;0.50390625;0.14453125;0.203125;0.11328125;0.4609375;0.046875
0.7421875;0;0.26953125;0.09375;1.203125;0.34375;0.06640625;1.15234375;0.99609375;0.3359375;0.09765625;0.75390625;0.89453125;0.25390625;0.09765625;1.01171875
0.015625;0.66796875;1.37109375;0.01953125;0.18359375;0.4609375;0.6796875;0.06640625;0.3515625;0.69140625;0.83984375;0.0703125;0.52734375;0.16796875;0.67578125;0.24609375
0.77734375;0.2109375;0.5234375;0.1796875;0.96875;0.484375;0.7890625;0.1953125;0.66015625;0.46484375;0.609375;0;0.859375;0.37109375;0.71875;0.21875
0.2578125;0.2265625;0.08203125;0.35546875;0.296875;0.5234375;0.125;0.30859375;0.1796875;0.3359375;0.1328125;0.296875;0.3046875;0.29296875;0.3984375;0.23046875
0.1171875;0.19140625;0.33203125;0.42578125;0.0234375;0.24609375;0.421875;0.23046875;0.76171875;0.28125;0.50390625;0.21875;0.0078125;0.22265625;0.21875;0.2734375
0.32421875;0.6171875;0.140625;0.046875;0.38671875;0.75;0.23828125;0.23046875;0.3359375;0.7578125;0.14453125;0.2578125;0.18359375;0.19921875;0.0546875;0.01171875
0.46484375;0.28515625;1.1171875;0.7421875;0.12109375;0.04296875;0.8828125;0.37890625;0.19140625;0.23046875;1.328125;0.828125;0.296875;0.02734375;0.87890625;0.38671875
0.0234375;0.08203125;0.1171875;0.0703125;0.31640625;0.16015625;0.7578125;0.203125;0.21875;0.078125;0.10546875;0.19921875;0.6875;0.390625;0.33203125;0.3828125
0.8515625;0.2421875;0.1328125;0.484375;0.5703125;0.125;0.39453125;0.19921875;1.23046875;0.21484375;0.24609375;0.41796875;1.2578125;0.44140625;0.28515625;0.65234375
0.42578125;0.83984375;0.57421875;0.1796875;0.18359375;0.62109375;0.68359375;0.234375;0.234375;0.5078125;0.19140625;0.19140625;0;0.8828125;0.94140625;0.3984375
0.046875;0.03125;0.16015625;0.1953125;0.3046875;0.14453125;0.52734375;0.1640625;0.1015625;0.03515625;0.421875;0.26171875;0.0078125;0.16015625;0.59375;0.36328125
0.2421875;0.26953125;0.6875;0.4609375;0.3984375;0.49609375;0.71484375;0.12890625;0.57421875;0.6171875;0.6953125;0.2734375;0.4140625;0.34375;0.87109375;0.21875
0.5546875;0.359375;0.765625;0.0078125;0.5078125;0.18359375;0.6796875;0.14453125;0.875;0.6171875;0.63671875;0.0703125;0.37109375;0.234375;0.56640625;0.1484375
0.28125;0.4140625;0.3203125;0.015625;0.46875;0.19921875;0.56640625;0.0625;0.9140625;0.65625;0.44921875;0.36328125;0.953125;0.24609375;0.9453125;0.17578125
0.296875;0.07421875;0.33203125;0.5859375;0.08984375;0.17578125;0.23046875;0.16015625;0.02734375;0.0234375;0.03515625;0.203125;0.1640625;0.25;0.18359375;0.26171875
0.640625;0.21875;0.14453125;0.53125;0.16015625;0.30078125;0.36328125;0.3984375;0.0625;0.2734375;0.37890625;0.515625;0.328125;0.29296875;0.46484375;1.05078125
0.1484375;0.42578125;0.38671875;0.23046875;0.40625;0.5859375;0.65625;0.015625;0.3359375;0.42578125;0.67578125;0.05859375;0.26953125;0.62109375;0.328125;0.171875
0.02734375;0.734375;0.58203125;0.25390625;0.1640625;0.08203125;0.328125;0.1484375;0.40625;0.04296875;0.1484375;0.18359375;0.16796875;0.1484375;0.09375;0.296875
0.17578125;0.05078125;0.07421875;0.55078125;0.17578125;0.33984375;0.17578125;0.796875;0.09375;0.09375;0.234375;0.42578125;0.11328125;0.20703125;0.01953125;0.8984375
0.7109375;0.92578125;0.7109375;0.078125;0.4375;0.1953125;0.12109375;0.27734375;0.26953125;0.16015625;0.33203125;0.37109375;0.1640625;0.109375;0.41796875;0.0078125
0.8984375;0.9375;0.96484375;0.828125;0.79296875;0.96875;0.80859375;0.9609375;0.390625;0.94921875;0.3203125;0.48828125;0.42578125;0.546875;0.640625;0.2890625
0.39453125;0.69140625;0.3359375;0.52734375;0.1796875;0.5625;0.5390625;0.04296875;0.1328125;0.53515625;0.51171875;0.10546875;0.09375;0.26953125;0.3125;0.109375
0.59375;0.21875;0.69921875;0.6328125;0.5859375;0.30078125;0.1484375;0.734375;0.33984375;0.265625;0.28125;0.6484375;0.80078125;0.2734375;0.15625;0.79296875
0.3046875;0.01953125;0.23046875;0.0703125;0.375;0.5390625;0.3515625;0.0234375;0.28125;0.20703125;0.34375;0.26171875;0.5625;0.01171875;0.703125;0.421875
0.05859375;0.02734375;0.08203125;0.58203125;0.109375;0.08984375;0.01953125;0.421875;0.03515625;0.06640625;0.09375;0.89453125;0.12109375;0.12890625;0.1875;0.75
0.2734375;0.6015625;0.58203125;0.5546875;0.171875;0.31640625;0.359375;0.10546875;0.09765625;0.2578125;0.109375;0.20703125;0.44140625;0.52734375;0.3046875;0.203125
0.171875;0.34375;0.20703125;0.203125;0.29296875;0.87109375;0.65234375;0.35546875;0.29296875;0.9140625;0.8359375;0.40625;0.2734375;1.33984375;1.2109375;0.37890625
0.703125;0.6796875;0.32421875;0.09375;0.76171875;0.7421875;0.33203125;0.1328125;1.421875;1.07421875;0.22265625;0.109375;0.84765625;0.59375;0.41796875;0.01953125
0.7890625;0.16015625;0.89453125;0.109375;0.97265625;0.33984375;0.5;0.0859375;0.58203125;0.0703125;0.6953125;0.046875;0.63671875;0.21875;0.2265625;0.1484375
0.21875;0.23046875;0.53515625;0.375;0.046875;0.25;0.4375;0.3046875;0.07421875;0.875;1.3359375;0.30859375;0.08984375;0.41796875;1.0078125;0.55859375
0.00390625;0.51953125;0.63671875;0.1328125;0.046875;0.25390625;0.21875;0.51953125;0.0625;0.3125;0.13671875;0.2265625;0.09375;0.578125;0.18359375;0.30078125
0.05859375;0.01953125;0.78515625;0.2421875;0.27734375;0.359375;0.1171875;0.1640625;0.265625;0.390625;0.31640625;0.21484375;0.4296875;0.44140625;0.546875;0.00390625
0.33203125;0.37890625;0.1953125;0.5390625;0.31640625;0.29296875;0.15234375;0.89453125;0.1484375;0.30078125;0.15234375;0.6796875;0.37109375;0.078125;0.2109375;0.7421875
0.09765625;1.39453125;0.22265625;0.41015625;0.24609375;0.859375;0.0390625;0.359375;0.11328125;0.69921875;0.015625;0.50390625;0.46875;0.7109375;0.02734375;0.44140625
0.453125;0.15625;0.32421875;0.1015625;0.53125;0.15234375;0.39453125;0.28515625;0.12109375;0.0703125;0.0546875;0.23828125;0.55078125;0.109375;0.4140625;0.24609375
0.6953125;0.0859375;0.37890625;0.55859375;0.62890625;0.0703125;0.37109375;0.54296875;1.23828125;0.19140625;0.5390625;0.15234375;0.91796875;0.04296875;0.43359375;0.01953125
0.8828125;0.9296875;0.6875;0.27734375;0.76953125;0.875;0.46875;0.4296875;0.26171875;1.16796875;0.64453125;0.3125;0.30859375;0.34375;0.5234375;0.109375
1.0625;0.31640625;0.140625;0.28515625;0.53125;0.55859375;0.2578125;0.203125;0.5234375;0.6328125;0.2109375;0.234375;0.25;0.25390625;0.0546875;0.18359375
0.046875;0.44140625;1.01953125;0.5078125;0.04296875;0.3203125;0.44140625;0.56640625;0.25390625;0.26953125;0.58984375;0.44921875;0.22265625;0.4609375;0.76171875;0.63671875
0.1328125;0.16015625;0.23828125;0.265625;0.1953125;0.3984375;0.00390625;0.46484375;0.15625;0.359375;0.21484375;0.16796875;0.49609375;0.95703125;0.171875;0.125
0.28125;0.43359375;1.390625;0.921875;0.05859375;0.34765625;1.5390625;1.36328125;0.23046875;0.5234375;1.98828125;1.60546875;0.49609375;0.34765625;1.68359375;0.92578125
0.22265625;0.0859375;0.1953125;0.640625;0.09375;0.1328125;0.08203125;0.19921875;0.0234375;0.21484375;0.16796875;0.19140625;0.1796875;0.00390625;0.24609375;0.1484375
0.14453125;0.3125;0.2109375;0.140625;0.6328125;0.25390625;0.875;0.1171875;0.4375;0.48046875;0.72265625;0.05078125;0.62890625;0.64453125;1.01171875;0.19140625
0.21484375;0.046875;0.1796875;0.734375;0.32421875;0.15625;0.15234375;0.64453125;0.58984375;0.05078125;0.046875;0.51953125;0.2890625;0.125;0.046875;0.7890625
0.75390625;0.0703125;0.7109375;0.515625;0.9140625;0.11328125;0.91015625;0.75390625;0.3828125;0.14453125;0.80078125;0.4453125;0.4140625;0.140625;0.6171875;0.2265625
0.3046875;0.0390625;0.0546875;0.01171875;0.296875;0.03125;0.046875;0.17578125;1.14453125;0.1328125;0.01953125;0.171875;0.8125;0.0625;0.11328125;0.26953125
0.4296875;0.57421875;0.34765625;0.6328125;0.68359375;0.1171875;0.21484375;0.38671875;0.3828125;0.14453125;0.1953125;0.3515625;0.7109375;0.6015625;0.70703125;0.58984375
0.33203125;0.78515625;0.1484375;0.14453125;0.09375;0.21484375;0.23046875;0.1015625;0.01953125;0.65625;0.09765625;0.2109375;0.00390625;0.671875;0.23046875;0.17578125
0.2734375;0.125;0.36328125;0.59375;0.25;0.421875;0.734375;0.875;0.43359375;0.1640625;0.57421875;0.89453125;0.046875;0.23828125;0.71484375;0.46484375
0.98828125;0.60546875;0.01171875;0.23828125;0.7109375;0.08203125;0.0390625;0.203125;0.85546875;0.3671875;0.02734375;0.37890625;0.64453125;0.04296875;0.2421875;0.515625
0.6484375;0.17578125;0;0.328125;0.609375;0.09375;0.0703125;0.08984375;0.44921875;0.37109375;0.30078125;0.14453125;0.51953125;0.1796875;0.1171875;0.125
0.58203125;0.5078125;0.28515625;0.48828125;0.4296875;0.07421875;0.21484375;0.796875;0.6328125;0.01171875;0.01953125;0.93359375;0.11328125;0.265625;0.296875;0.41796875
0.046875;0.56640625;0.61328125;0.53125;0.5078125;0.23828125;0.48046875;0.18359375;0.3515625;0.33984375;0.14453125;0.4375;0.0546875;0.8671875;0.27734375;0.55859375
0.14453125;0.12109375;0.83984375;0.31640625;0.11328125;0.09765625;0.23828125;0.15234375;0.51953125;0.43359375;1.01953125;0.22265625;0.48828125;0.234375;0.71875;0.08203125
0.1171875;0.41796875;0.10546875;0.23046875;0.12890625;0.359375;0.23828125;0.390625;0.02734375;0.35546875;0.140625;0.27734375;0.2265625;0.50390625;0.03515625;0.23046875
0.7109375;0.69921875;0.765625;0.81640625;0.4296875;0.140625;0.24609375;0.89453125;0.52734375;0.296875;0.3359375;0.28515625;0.328125;0.47265625;0.61328125;0.375
0.36328125;0.109375;0.58203125;0.09765625;0.61328125;0.6171875;0.5546875;0.203125;0.0078125;0.27734375;0.2734375;0.1484375;0.66015625;0.44921875;0.74609375;0.0703125
0.53515625;0.47265625;0.140625;0.15625;0.66796875;0.859375;0.12890625;0.3359375;0.83984375;0.46484375;0.29296875;0.58984375;0.49609375;0.87109375;0.26953125;0.66015625
0.51953125;0.47265625;0.63671875;0.6171875;0.046875;0.01953125;0.34765625;0.26171875;0.171875;0.22265625;0.66796875;0.50390625;0.47265625;0.55859375;0.37890625;0.8515625
0.0625;0.1015625;0.3984375;0.11328125;0.0546875;0.08984375;0.28515625;0.3671875;0.05859375;0.01171875;0.37890625;0.5859375;0.125;0.05078125;0.4453125;0.81640625
0.421875;0.1953125;0.96875;0.10546875;0.90234375;0.1484375;0.9765625;0.01171875;0.59765625;0.21484375;1.08203125;0.60546875;0.08984375;0.3203125;0.30859375;0.21875
0.7578125;0.296875;0.8671875;0.6171875;0.87109375;0.41015625;0.75390625;0.68359375;0.30078125;0.140625;0.140625;0.3984375;0.453125;0.046875;0.38671875;0.05859375
0.01171875;0.10546875;0.046875;0.4296875;0.0625;0.01171875;0.296875;0.41796875;0.03515625;0.1015625;0.109375;0.67578125;0.17578125;0.40625;0.453125;0.640625
0.21484375;0.7109375;0.12890625;0.23046875;1.12109375;0.08984375;0.32421875;0.59765625;0.22265625;0.3671875;0.046875;0.32421875;0.125;0.4375;0;0.07421875
0.71875;0.30078125;0.15234375;0.69921875;0.71484375;0.26953125;0.1875;0.68359375;0.33203125;0.0390625;0.0078125;0.51171875;0.56640625;0.26171875;0.14453125;0.5234375
0.02734375;0.5546875;0.4296875;0.578125;0.0234375;0.63671875;0.44140625;0.3359375;0.15625;0.23828125;0.2109375;0.875;0.15625;0.3515625;0.26171875;0.5703125
0.18359375;0.61328125;0.265625;0.18359375;0.45703125;0.8046875;0.0859375;0.40234375;0.44921875;0.9296875;0.3828125;0.8671875;0.12890625;0.625;0.17578125;0.0078125
0.34765625;0.16015625;0.375;0.06640625;0.66796875;0.1953125;0.1953125;0.26953125;0.0078125;0.25390625;0.15625;0.19921875;0.82421875;0.30859375;0.203125;0.40625
0.5;0.2578125;0.1796875;0.765625;0.328125;0.5546875;0.34375;0.6171875;0.3515625;0.48828125;0.40625;0.69921875;0.59765625;0.6015625;0.1640625;0.73046875
0.31640625;0.46875;0.4765625;0.2421875;0.17578125;0.20703125;0.0078125;0.15234375;0.19140625;0.33203125;0.4609375;0.30078125;0.25;0.08984375;0.28515625;0.23046875
0.140625;0.0078125;0.1171875;0.1171875;0.53125;0.43359375;0.78515625;0.5078125;0.03125;0.15234375;0.32421875;0.20703125;0.21875;0.1796875;0.42578125;0.1640625
0.49609375;0.86328125;0.3359375;0.30859375;0.44921875;0.4609375;0.2578125;0.2109375;0.35546875;0.73046875;0.0625;0.01953125;0.3125;0.62109375;0.15625;0.05859375
0.0546875;0.44921875;0.1953125;0.0546875;0.44140625;0.01953125;0.0390625;0.2734375;0.26171875;0.17578125;0.01953125;0.25390625;0.04296875;0.3984375;0.1484375;0.0703125
0.4609375;0.15234375;0.015625;0.328125;0.8125;0.6328125;0.0625;0.22265625;0.6171875;0.58984375;0.5703125;0.109375;0.82421875;0.76171875;0.375;0.27734375
0.25390625;0.0078125;0.4453125;0.0546875;0.29296875;0.37109375;0.25390625;0.33984375;0.26953125;0.23046875;0.44140625;0.015625;0.1875;0.04296875;0.66796875;0.61328125
0.515625;0.328125;1.23046875;0.453125;0.16796875;0.26953125;0.27734375;0.21484375;0.25390625;0.81640625;0.53515625;0.84765625;0.41796875;0.828125;0.34765625;0.75390625
0.2421875;0.4609375;0.46875;0.55078125;0.12109375;0.21484375;0.6640625;0.59375;0.13671875;0.18359375;0.8828125;0.3203125;0.51953125;0.015625;0.4375;0.234375
0.08203125;0.12109375;0.1875;0.26953125;0.1796875;0.50390625;0.1484375;0.34375;0.078125;0.00390625;0.4140625;0.078125;0.109375;0.15625;0.20703125;0.12109375
0.6328125;0.80078125;0.28125;0.36328125;0.37890625;0.38671875;0.09375;0.45703125;0.87109375;0.953125;0.16015625;0.65234375;0.48828125;0.39453125;0.1171875;0.93359375
1.05078125;1.33203125;0.828125;0.48046875;0.78515625;0.6953125;0.171875;0.171875;0.5078125;0.87109375;0.53125;0.48046875;0.91796875;0.9609375;0.328125;0.15625
0.4453125;0.21484375;0.08203125;0.26953125;0.48828125;0.30078125;0.16015625;0.2109375;0.01171875;0.171875;0.33984375;0.16796875;0.3671875;0.21875;0.03125;0.18359375
0.609375;0.0625;0.69921875;0.55859375;0.43359375;0.15625;0.90234375;0.48046875;0.765625;0.03125;0.45703125;0.4375;0.5625;0.1953125;0.734375;0.45703125
0.53125;0;0.20703125;0.62109375;0.4609375;0.078125;0.18359375;0.5078125;0.7734375;0.45703125;0.26171875;0.60546875;0.48828125;0.19921875;0.1875;0.63671875
0.39453125;0.09765625;0.3828125;0.328125;0.375;0.109375;0.2578125;0.2265625;0.01953125;0.5;0.359375;0.25;0.046875;0.03515625;0.56640625;0.29296875
0.09765625;0.52734375;0.140625;0.51171875;0.21875;0.2578125;0.27734375;0.484375;0.203125;0.14453125;0.05859375;0.06640625;0.34375;0.35546875;0.48828125;0.64453125
0.19140625;0.30078125;0.05859375;0.22265625;0.08203125;0.08984375;0.11328125;0.046875;0.01953125;1.0703125;0.6640625;0.12890625;0.46484375;0.67578125;0.44140625;0.27734375
0.0078125;0.10546875;0.421875;0.23828125;0.39453125;0.41015625;0.53515625;0.3984375;0.1328125;0.015625;0.38671875;0.01171875;0.26171875;0.38671875;0.4375;0.0390625
0.93359375;0.0703125;0.265625;0.37109375;0.76953125;0.0234375;0.26171875;0.12890625;0.69140625;0.1796875;0.0625;0.28125;0.515625;0.05859375;0.234375;0.3671875
0.81640625;0.390625;0.359375;0.609375;0.4375;0.421875;0.140625;0.609375;0.640625;0.55078125;0.23046875;0.04296875;0.82421875;0.79296875;0.30078125;0.66015625
0.76953125;0.31640625;0.28125;0.1171875;1.1640625;0.41796875;0.40234375;0.46875;1.15234375;0.0078125;0.76953125;0.3046875;0.69140625;0.16796875;0.421875;0.50390625
0.62109375;0.87109375;0.08203125;0.36328125;0.31640625;0.015625;0.4296875;0.06640625;0.63671875;0.43359375;0.078125;0.3828125;0.44921875;1.0703125;0.41015625;0.34765625
0.30859375;1.06640625;0.37109375;0.484375;0.21875;0.26171875;0.19140625;0.08984375;0.265625;0.66796875;0.0234375;0.13671875;0.5;0.51953125;0.171875;0.21484375
1.0546875;0.484375;0.21875;0.20703125;0.140625;0.703125;0.02734375;0.00390625;0.4375;0.55859375;0.22265625;0.2890625;0.56640625;0.04296875;0.1328125;0.00390625
0.8671875;0.55859375;0.6171875;1.15234375;0.703125;0.17578125;0.58984375;0.765625;0.2890625;0.32421875;0.29296875;0.546875;0.11328125;0.12109375;0.6875;0.41015625
0.23046875;0.23828125;0.390625;0.00390625;0.07421875;0.20703125;0.19140625;0.0859375;0.1953125;0;0.1640625;0.10546875;0.0234375;0.05859375;0.0390625;0.015625
0.96875;2.3359375;1.12890625;0.15234375;0.92578125;1.58203125;0.515625;0.1796875;0.83984375;1.59765625;0.64453125;0.2890625;0.03515625;1.64453125;0.98046875;0.359375
0.09375;0.90625;0.48828125;0.2109375;0.05078125;0.8046875;0.515625;0.1015625;0.015625;0.19921875;0.2265625;0.4765625;0.140625;0.87109375;0.24609375;0.26953125
0.08984375;0.4921875;0.08203125;0.03125;0.2734375;0.33984375;0.4453125;0.37890625;0.22265625;0.90234375;0.41796875;0.51171875;0.05859375;0.72265625;0.00390625;0.0234375
0.25;0.62890625;0.4453125;0.03515625;0.28515625;0.80078125;0.80078125;0.1796875;0.1484375;0.94921875;0.3515625;0.0078125;0.25390625;0.59375;0.6796875;0.14453125
0.328125;0.46875;0.4296875;0.76171875;0.37890625;0.55859375;0.21875;0.81640625;0.36328125;0.078125;0.2890625;0.4453125;0.71875;0.34375;0.0234375;0.66796875
0.32421875;0.53125;0.2890625;0.69921875;0.40625;0.0859375;0.0625;0.4296875;0.4375;0.171875;0.35546875;0.30859375;0.21875;0.23046875;0.1171875;0.45703125
0.8671875;0.01953125;0.12109375;0.34375;0.26171875;0.10546875;0.17578125;0.18359375;0.99609375;0.04296875;0.50390625;0.15625;0.63671875;0.1484375;0.46875;0.31640625
0.359375;0.45703125;0.234375;0.14453125;0.34375;0.2109375;0.6328125;0.73828125;0.1015625;0.1953125;0.08984375;0.15234375;0.22265625;0.19921875;0.1953125;0.140625
0.01953125;0.1171875;0.1953125;0.71484375;0.2578125;0.34375;0.33203125;0.296875;0.0390625;0.03125;0.5546875;0.22265625;0.1640625;0.25390625;0.4140625;0.44921875
0.13671875;0.27734375;0.1796875;0.2421875;0.3125;0.46875;0.0234375;0.00390625;0.546875;0.37109375;0.43359375;0.05859375;0.17578125;0.48046875;0.140625;0.0546875
0.30859375;0.01953125;0.5625;0.609375;0.60546875;0.07421875;0.77734375;0.66796875;0.0859375;0.4296875;0.4453125;0.06640625;0.69921875;0.328125;0.19921875;0.23828125
0.1328125;0.796875;0.9140625;0.85546875;0.1484375;0.20703125;0.91015625;0.48828125;0.23828125;0.43359375;0.4296875;0.875;0.2109375;0.5703125;1.21875;1.01953125
0.58203125;0.22265625;0.21484375;0.82421875;0.1953125;0.1875;0.21484375;0.31640625;0.078125;0.33984375;0.38671875;0.6015625;0.2890625;0.34765625;0.62109375;0.59765625
0.22265625;0.24609375;0.27734375;0.03125;0.65234375;0.20703125;0.171875;0.1015625;0.16015625;0.2578125;0.23046875;0.0703125;0.46484375;0.28515625;0.21875;0.1328125
0.70703125;0.203125;0.40234375;0.95703125;0.8671875;0.49609375;0.72265625;0.5859375;0.2265625;0.015625;0.0625;0.57421875;0.5625;0.4296875;0.171875;0.3671875
0.16796875;0.2421875;0.51953125;0.1171875;0.27734375;0.26171875;0.3125;0.0859375;0.75390625;0.19921875;0.61328125;0.0859375;0.83203125;0.3203125;0.5390625;0.12109375
0.6171875;0.05859375;0.578125;1.2578125;0.48046875;0.06640625;0.16796875;0.82421875;0.69921875;0.0390625;0.37890625;0.94921875;0.0859375;0.62890625;0.48828125;0.75390625
0.19140625;0.16015625;0.4375;0.08984375;0.14453125;0.0859375;0.484375;0.078125;0.21484375;0.13671875;0.12109375;0.34375;0.15625;0.1640625;0.375;0.06640625
0.48828125;0.51953125;0.39453125;0.12109375;0.69921875;0.58984375;0.5859375;0.4453125;0.1015625;0.203125;0.3671875;0.28515625;0.43359375;0.3984375;0.5;0.1015625
0.33984375;0.55078125;0.2265625;0.60546875;0.6484375;0.46484375;0.5078125;0.4921875;0.25;0.390625;0.1796875;0.67578125;0.45703125;0.66796875;0.35546875;0.61328125
0.49609375;0.27734375;0.84765625;0.76171875;0.44921875;0.125;0.7265625;0.64453125;0.1015625;0.27734375;0.65234375;0.45703125;0.2265625;0.36328125;0.83984375;0.4453125
0.61328125;0.03515625;0.53125;0.390625;0.53515625;0.05078125;0.28515625;0.3046875;0.3125;0.0859375;0.27734375;0.265625;0.421875;0.015625;0.3515625;0.26171875
1.15234375;0.25;0.37890625;0.05078125;0.27734375;0.125;0.08984375;0.109375;1.54296875;0.8203125;1.02734375;0.03125;0.98046875;0.34765625;0.6875;0.2265625
0.25;0.28515625;0.3671875;0.578125;0.0625;0.05078125;0.48046875;1.00390625;0.171875;0.125;0.30859375;0.61328125;0.1953125;0.30859375;0.09375;0.59375
0.12109375;0.203125;0.04296875;0.546875;0.453125;0.0859375;0.3125;0.37109375;0.2890625;0.10546875;0.1328125;0.0078125;0.36328125;0.3125;0.234375;0.19140625
0.375;0.0390625;0.640625;0.40625;0.4375;0.02734375;0.1484375;0.6015625;0.39453125;0.23828125;0.515625;0.26953125;0.59375;0.12109375;0.421875;0.69921875
0.77734375;0.1953125;0.7109375;0.37109375;0.56640625;0.0234375;0.93359375;0.30078125;0.30859375;0.24609375;0.90234375;0.390625;0.40625;0.12109375;0.5703125;0.12109375
1.8125;0.09375;0.21484375;0.140625;1.16015625;0.390625;0.71875;0.5;1.52734375;0.24609375;0.41796875;0.20703125;2.22265625;0.13671875;0.79296875;0.47265625
0.859375;0.05078125;0.0078125;0.1015625;0.1875;0.02734375;0.10546875;0.01953125;0.4921875;0.5390625;0.0078125;0.14453125;0.359375;0.59765625;0.00390625;0.2578125
0.0625;0.8515625;0.38671875;0.21484375;0.69921875;0.390625;0.25390625;0.0390625;0.11328125;0.203125;0.04296875;0.12109375;0.1328125;0.82421875;0.0546875;0.1015625
0.6796875;0.21484375;0.40625;0.4296875;0.453125;0.1875;0.640625;0.35546875;0.28515625;0.2421875;0.015625;0.18359375;0.33203125;0.01953125;0.3671875;0.06640625
0.265625;0.6171875;0.06640625;0.19921875;0.03515625;0.15625;0.078125;0.1953125;0.0625;0.7421875;0.2578125;0.3046875;0.25;0.1328125;0.359375;0.37109375
0.5;0.234375;1.09375;0.18359375;0.5859375;0.53515625;0.55859375;0.0234375;0.4765625;0.28515625;0.97265625;0.15234375;0.24609375;0.08984375;0.14453125;0.2109375
1.01171875;0.22265625;0.07421875;0.578125;0.90234375;0.12109375;0.078125;0.41015625;0.9140625;0.19921875;0.10546875;1.2265625;0.86328125;0.28515625;0.0390625;0.6171875
0.33984375;0.90234375;1.09765625;0.09765625;0.0703125;1.09375;1.43359375;0;0.67578125;0.11328125;0.4765625;0.23828125;0.328125;0.5859375;1.0390625;0.12109375
0.5625;0.265625;0.60546875;0.1015625;0.85546875;0.15234375;0.80078125;0.16015625;0.4921875;0.4765625;0.68359375;0.0078125;0.69921875;0.1328125;0.64453125;0.13671875
0.07421875;0.13671875;0.1953125;0.265625;0.25;0.328125;0.0078125;0.296875;0.375;0.09375;0.09375;0.1953125;0.734375;0.171875;0.0546875;0.3046875
0.25390625;0.359375;0.640625;0.19921875;0.5390625;0.23046875;0.3515625;0.3515625;0.0546875;0.28515625;0.3125;0.26171875;0.765625;0.29296875;0.51171875;0.21875
0.3125;0.41796875;0.1484375;0.15234375;0.1640625;0.07421875;0.15234375;0.0546875;0.40234375;0.66015625;0.05859375;0.0234375;0.23828125;0.265625;0.1640625;0.0703125
0.3671875;0.1484375;0.3828125;0.4765625;0.05859375;0.08984375;0.87890625;0.1796875;0.23046875;0.05078125;0.4921875;0.3515625;0.359375;0.21484375;0.6875;0.59375
0.6484375;0.078125;0.4921875;0.140625;0.1640625;0.2734375;0.421875;0.17578125;0.37109375;0.21875;0.4609375;0.29296875;0.45703125;0.1953125;0.1953125;0.26171875
0.6015625;0.0390625;0.16015625;0.328125;0.390625;0.03515625;0.18359375;0.1171875;0.4140625;0.2578125;0.37109375;0.6953125;0.85546875;0.31640625;0.01171875;0.765625
0.2109375;0.71875;0.71484375;0.2421875;0.30078125;1.30859375;1.078125;0.18359375;0.296875;0.5625;0.83203125;0.23828125;0.08984375;0.72265625;0.42578125;0.05078125
0.01953125;0.3125;0.5859375;0.328125;0.6171875;0.15234375;0.578125;0.01953125;0.2109375;0.03125;0.40234375;0.1640625;0.41796875;0.12109375;0.69921875;0.19140625
0.08984375;0.8046875;0.09375;0.30078125;0.28515625;0.19921875;0.25;0.2890625;0.42578125;0.73828125;0.6953125;0.01171875;0.55859375;0.61328125;0.7734375;0.1484375
0.296875;0.03515625;0.4921875;0.23828125;0.859375;0.6328125;0.46875;0.09765625;0.828125;0.3984375;0.09375;0.35546875;0.45703125;0.35546875;0.33203125;0.0546875
1.1171875;0.6328125;0.546875;0.43359375;1.1953125;0.390625;0.78125;0.5390625;0.5234375;0.3359375;0.19921875;0;0.62109375;0.2890625;0.703125;0.1796875
0.21875;0;0.1171875;0.3125;0.46484375;0.20703125;0.13671875;0.4375;0.15234375;0.15234375;0.16796875;0.4609375;0.68359375;0.27734375;0.3359375;0.80859375
0.80859375;0.3046875;0.44921875;1.4140625;0.8046875;0.234375;0.28125;0.56640625;0.7109375;0.18359375;0.28125;0.9453125;0.015625;0.4453125;0.21875;0.66015625
0.3125;0.359375;0.69140625;0.1796875;0.28515625;0.31640625;0.59375;0.23046875;0.3828125;0.52734375;0.29296875;0.19921875;0.3203125;0.32421875;0.6171875;0.11328125
0.47265625;0.140625;0.34765625;0.20703125;0.30078125;0.54296875;0.63671875;0.10546875;0.3125;0.25;0.2890625;0.03125;0.23046875;0.3046875;0.171875;0.0390625
0.16796875;0.078125;0.21484375;0.7421875;0.0078125;0.1484375;0.07421875;0.9453125;0.3203125;0.0078125;0.1171875;0.60546875;0.04296875;0.08984375;0.26171875;0.84765625
0.30859375;0.2421875;0.359375;0.265625;0.46875;0.34765625;0.296875;0.203125;0.06640625;0.39453125;0.14453125;0.18359375;0.47265625;0.31640625;0.37890625;0.04296875
0.484375;1.07421875;0.6171875;1.05859375;0.5703125;0.828125;0.5546875;0.49609375;0.5078125;0.8046875;0.76953125;0.50390625;0.3671875;0.9765625;0.3515625;0.48046875
0.08203125;0.359375;0.48828125;0.1796875;0.11328125;0.140625;0.1953125;0.0625;0.44921875;0.6640625;0.62890625;0.00390625;0.29296875;0.34765625;0.49609375;0.30859375
0.09765625;0.10546875;0.34765625;0.171875;0.60546875;0.3515625;0.4765625;0.81640625;0.2734375;0.17578125;0.078125;0.37109375;0.28125;0.13671875;0.54296875;0.31640625
0.23828125;0.375;0.109375;0.03515625;0.125;0.70703125;0.21875;0.45703125;0.39453125;0.1875;0.44140625;0.23046875;0.3203125;0.07421875;0.3828125;0.28515625
0.23046875;0.06640625;0.109375;0.375;0.2265625;0.08984375;0.1640625;0.40234375;0.015625;0.01171875;0.07421875;0.453125;0.14453125;0.1015625;0.1171875;0.91015625
0.109375;0.390625;0.39453125;0.1171875;0.05078125;0.8203125;0.66796875;0.546875;0.19140625;0.4765625;0.6640625;0.32421875;0.078125;0.625;0.16796875;0.6328125
0.3125;1.2421875;1.01171875;0.45703125;0.24609375;0.48828125;0.12890625;0.2109375;0.48828125;0.80078125;0.80859375;0.703125;0.140625;1.17578125;1.02734375;0.12890625
0.40234375;1.12109375;0.0078125;0.45703125;0.6328125;0.19921875;0.1484375;0.046875;0.8125;1.02734375;0.3046875;0.26171875;1.21875;1;0.28515625;0.03515625
0.7109375;0.15234375;0.8671875;0.09375;0.4296875;0;0.51953125;0.0234375;0.29296875;0.171875;0.90625;0.15625;0.20703125;0.4609375;0.8203125;0.23046875
0.1171875;0.8984375;1.36328125;0.30078125;0.16796875;0.93359375;1.02734375;0.01953125;0.1875;0.1328125;0.546875;0.33984375;0.16796875;0.4921875;0.71484375;0.30078125
0.01171875;0.28515625;0.27734375;0.41015625;0.0078125;0.29296875;0.28125;0.15625;0.14453125;0.57421875;0.484375;0.390625;0.16796875;0.578125;0.75;0.00390625
0.43359375;0.5;1.0546875;0.12109375;0.11328125;0.0078125;1.078125;0.41796875;0.12890625;0.16796875;0.81640625;0.1484375;0.48828125;0.69921875;0.58984375;0.4375
0.1796875;0.41015625;0.11328125;0.65625;0.19921875;0.4375;0.05859375;0.58984375;0.3515625;0.14453125;0.01953125;0.76953125;0.0703125;0.3203125;0.08203125;0.546875
0.06640625;0.9765625;0.07421875;0.62890625;0.0546875;1.3671875;0.22265625;0.6484375;0.41796875;0.2734375;0.1328125;0.31640625;0.1171875;0.8359375;0.08984375;0.44140625
0.19140625;0.08984375;0.109375;0.04296875;0.48046875;0.01171875;0.30859375;0.140625;0.03515625;0.18359375;0.09375;0.14453125;0.39453125;0.0390625;0.2421875;0.03515625
1.0078125;0.0625;0.3984375;0.1484375;0.640625;0;0.34375;0.4765625;0.56640625;0.0390625;0.3125;0.2578125;0.58203125;0.05859375;0.53125;0.61328125
0.48828125;0.5625;0.171875;0.7421875;0.1796875;1.01171875;0.65625;0.19140625;0.3515625;0.55078125;0.671875;0.25390625;0.28515625;1.15234375;0.69921875;0.31640625
0.19921875;0.40234375;0.10546875;0.15625;0.07421875;0.05078125;0.078125;0.1171875;0.98046875;0.671875;0.14453125;0.19140625;0.55078125;0.51953125;0.02734375;0.1328125
0.296875;0.1015625;0.3828125;0.1328125;0.1015625;0.07421875;0.01953125;0.61328125;0.18359375;0.125;0.296875;0.28515625;0.13671875;0.26953125;0.69921875;0.25
0.4609375;0.70703125;0.1640625;0.0390625;0.31640625;0.234375;0.1875;0.1640625;0.203125;0.453125;0.0703125;0.29296875;0.2734375;0.57421875;0.15234375;0.0390625
0.0625;0.296875;1.46484375;1.12109375;0.12109375;0.6953125;0.9140625;1.05859375;0.2890625;0.671875;1.0703125;0.640625;0.3203125;0.84375;1.82421875;1.4296875
0.05078125;0.19140625;0.01171875;0.25;0.10546875;0.15625;0.1484375;0.609375;0.4609375;0.10546875;0.29296875;0.453125;0.4765625;0.2265625;0.15234375;0.3359375
0.6171875;0.50390625;1.08984375;0.2890625;0.7890625;0.14453125;0.8515625;0.44921875;0.36328125;0.265625;0.859375;0.015625;0.9921875;0.4453125;0.9453125;0.4921875
0.296875;0.0546875;0.68359375;0.09765625;0.09765625;0.01953125;0.01953125;0.21484375;0.46484375;0.20703125;0.3046875;0.59375;0.53125;0.1484375;0.05859375;0.609375
0.734375;0.0625;0.53515625;0.45703125;0.13671875;0.16796875;0.72265625;0.3046875;0.17578125;0.125;0.5859375;0.49609375;0.078125;0.078125;0.2421875;0.00390625
1.26171875;0.17578125;0.0390625;0.12890625;1.11328125;0.11328125;0.234375;0.0546875;0.4765625;0.20703125;0.1875;0.00390625;0.51953125;0.0234375;0.16015625;0.12109375
0.5703125;0.2734375;0.265625;0.26171875;0.25;0.28515625;0.078125;0.16796875;0.78125;0.7265625;0.19921875;0.53515625;0.34375;0.86328125;0.1640625;0.42578125
0.265625;1.6171875;0.04296875;0.3828125;0.53515625;1.203125;0.078125;0.30859375;0.24609375;1.34765625;0.03125;0.20703125;0.1796875;0.73046875;0.27734375;0.41796875
0.4609375;0.15234375;0.42578125;0.875;0.4453125;0.1015625;0.3203125;0.8203125;0.10546875;0.4765625;0.54296875;0.4140625;0.453125;0.1640625;0.39453125;0.82421875
1.09375;0.48828125;0.015625;0.3359375;1.26953125;0.7109375;0.06640625;0.1484375;0.4609375;0.0703125;0.203125;0.765625;0.83203125;0.53125;0.05078125;0.4765625
0.21875;0.01171875;0.078125;0.1640625;0.4296875;0.125;0.046875;0.03515625;0.08984375;0.0859375;0.2421875;0.51953125;0.3515625;0.03125;0.03125;0.0390625
0.49609375;0.14453125;0.09375;0.6796875;0.39453125;0.21875;0.03125;0.6171875;0.06640625;0.03515625;0.26171875;0.58984375;0.140625;0.35546875;0.0625;0.5546875
0.52734375;0.54296875;0.00390625;0.11328125;0.05078125;0.65625;0.12109375;0.8203125;0.52734375;1.34765625;0.19140625;1.76171875;0.08203125;0.81640625;0.0859375;0.8359375
0.29296875;0.28125;0.5703125;0.1875;0.01953125;0.48046875;1.3359375;0.6015625;0.1171875;0.41015625;0.62890625;0.609375;0.19140625;0.2265625;0.57421875;0.3125
0.22265625;0.23828125;0.39453125;0.38671875;0.21875;0.60546875;0.04296875;0.2734375;0.19140625;0.53515625;0.078125;0.21875;0.06640625;0.3984375;0.09375;0.1796875
0.47265625;0.08984375;0.125;0.37109375;0.2578125;0.75390625;0.99609375;0.37109375;1.046875;0.4375;0.2890625;0.359375;0.81640625;0.6953125;0.6796875;0.55078125
0.6171875;0.60546875;0.5546875;0.18359375;0.4140625;0.08984375;0.58984375;0.04296875;0.0546875;0.0625;0.3125;0.0625;0.49609375;0.390625;0.609375;0.03125
0.61328125;0.91015625;0.1875;0.6796875;0.734375;0.4765625;0.2265625;0.328125;0.5234375;0.89453125;0.23828125;0.50390625;0.17578125;0.5;0.171875;0.20703125
0.02734375;0.06640625;0.375;0.375;0.09375;0.0625;0.14453125;0.44921875;0.17578125;0.34375;0.1796875;0.69140625;0.28125;0.17578125;0.23046875;0.34765625
0.0703125;0.11328125;0.30859375;0.09375;0.0390625;0.11328125;0.453125;0.01171875;0.1171875;0.109375;0.16015625;0.203125;0.04296875;0.01953125;0.515625;0.58984375
0.37890625;0.26953125;0.90234375;0.421875;0.98828125;0.40625;1.3828125;0.234375;0.87890625;0.171875;1.13671875;0.20703125;0.37109375;0.19921875;0.640625;0.13671875
0.671875;0.3125;0.6328125;0.7265625;0.83984375;0.4765625;0.296875;0.9453125;0.8125;0.07421875;1.08984375;0.296875;0.4609375;0.30859375;0.203125;0.70703125
0.125;0.1875;0.234375;0.5625;0.15234375;0.1171875;0.06640625;0.43359375;0.17578125;0.234375;0.02734375;0.50390625;0.21875;0.37890625;0.33203125;0.49609375
0.3828125;0.265625;0.0625;0.3046875;0.19921875;0.62890625;0.171875;0.05859375;0.44140625;0.00390625;0.01953125;0.6484375;0.83203125;0.11328125;0.23046875;0.4609375
0.14453125;0.10546875;0.1328125;0.02734375;0.57421875;0.55859375;0.0234375;0.015625;0.1484375;0.140625;0.26953125;0.15234375;0.5859375;0.0546875;0.05078125;0.83203125
0.0546875;0.40234375;0.34375;0.46484375;0.28515625;0.26171875;0.12890625;0.53125;0.01953125;0.40234375;0.2421875;0.5546875;0.05078125;0.54296875;0.46875;0.71875
0.11328125;0.91015625;0.68359375;0.3359375;0.28125;0.37109375;0.078125;0.24609375;0.2734375;1.09375;0.51953125;0.75;0.43359375;0.890625;0.23046875;0.578125
0.13671875;0.11328125;0.28125;0.00390625;0.44140625;0.09765625;0.3125;0.1171875;0.69921875;0.30078125;0.28515625;0.08203125;0.50390625;0.3359375;0.2578125;0.1640625
0.6015625;0.578125;0.125;0.73046875;0.40234375;0.54296875;0.34375;0.75390625;0.2109375;0.79296875;0.58984375;0.8046875;0.73046875;0.359375;0.0703125;0.9453125
0.234375;0.53125;0.62890625;0.27734375;0.36328125;0.61328125;0.609375;0.1796875;0.12890625;0.46875;0.109375;0.140625;0.17578125;0.35546875;0.21484375;0.1953125
0.5;0.6328125;0.375;0.34375;0.52734375;0.10546875;0.66796875;0.609375;0.46484375;0.125;0.4453125;0.53515625;0.203125;0.1484375;0.61328125;0.52734375
0.23046875;0.36328125;0.3828125;0.22265625;0.11328125;0.41796875;0.5859375;0.32421875;0.375;0.85546875;0.33984375;0.34375;0.31640625;0.7421875;0.54296875;0.45703125
0.44140625;0.0625;0.015625;0.25390625;0.06640625;0.48828125;0.21875;0.04296875;0.234375;0.0390625;0.06640625;0.0703125;0.1484375;0.3828125;0.125;0.0390625
0.88671875;0.8203125;0.41796875;0.21875;0.5390625;0.3671875;0.1953125;0.28515625;0.82421875;0.63671875;0.15234375;0.12109375;0.39453125;0.26953125;0.0859375;0.08984375
0.16015625;0.0078125;0.2734375;0.1171875;0.42578125;0.08984375;0.203125;0.28515625;0.2421875;0.11328125;0.33203125;0.35546875;0.60546875;0.4921875;0.1875;0.2890625
0.63671875;0.55078125;0.58203125;0.23046875;0.7890625;0.1328125;1.109375;0.1484375;0.03125;0.12890625;0.1328125;0.1015625;0.484375;0.60546875;0.97265625;0.78515625
0.07421875;0.14453125;0.60546875;0.3203125;0.09375;0.3203125;0.5859375;0.796875;0.1484375;0.140625;0.765625;0.5859375;0.08984375;0.05078125;0.46875;0.2890625
0.09375;0.15234375;0.328125;0.21484375;0.1953125;0.8671875;0.13671875;0.10546875;0.00390625;0.015625;0.203125;0.171875;0.04296875;0.234375;0.38671875;0.046875
0.546875;0.5703125;0.06640625;0.67578125;0.625;0.76953125;0.26171875;0.46875;0.8125;1.05859375;0.3828125;0.5703125;0.8984375;1.15625;0.3671875;0.21484375
0.703125;0.83984375;0.27734375;0.10546875;1.125;1.1328125;0.7578125;0.05859375;0.09765625;0.51171875;0.06640625;0.46875;0.69921875;0.64453125;0.203125;0.1015625
0.11328125;0.09765625;0.0859375;0.1171875;0.36328125;0.08203125;0.22265625;0.37890625;0.29296875;0.1796875;0.16015625;0.015625;0.06640625;0.16015625;0.29296875;0.25390625
0.41015625;0.140625;0.45703125;0.56640625;0.484375;0.328125;0.78515625;0.4375;0.5390625;0.1640625;0.50390625;0.20703125;0.78125;0.1328125;0.578125;0.4921875
0.296875;0.19140625;0.30078125;0.41015625;0.50390625;0.10546875;0.12109375;0.5234375;0.4375;0.41796875;0.296875;0.390625;0.62890625;0.2109375;0.234375;0.58203125
0.18359375;0.3828125;0.578125;0.328125;0.21484375;0.203125;0.55078125;0.34375;0.578125;0.265625;0.1796875;0.1953125;0.23046875;0.16015625;0.67578125;0.34375
0.30859375;0.48046875;0.5390625;0.8984375;0.15234375;0.39453125;0.01171875;0.47265625;0.09765625;0.44140625;0.13671875;0.5390625;0.17578125;0.65625;0.03515625;0.67578125
0.24609375;0.1640625;0.2109375;0.09375;0.49609375;0.515625;0.10546875;0.54296875;0.578125;0.28515625;0.15625;0;0.15625;0.45703125;0.15234375;0.01953125
0.0546875;0.7109375;0.41796875;0.109375;0.40234375;0.4765625;0.85546875;0.20703125;0.2734375;0.5234375;0.8125;0.359375;0.44921875;0.19921875;0.5234375;0.18359375
0.60546875;0.12109375;0;0.0859375;0.3828125;0.40234375;0.2265625;0.38671875;1.07421875;0.1171875;0.109375;0.28125;0.9296875;0.125;0.0703125;0.34375
0.47265625;0.453125;0.13671875;0.60546875;0.8203125;0.46484375;0.3359375;0.62109375;0.16015625;0.078125;0.19921875;0.39453125;0.85546875;0.6640625;0.2890625;0.53125
0.91015625;0.05859375;0.53125;0.53515625;1.02734375;0.26953125;0.4921875;0.234375;0.75;0.0390625;0.3125;0.46484375;0.48828125;0.0859375;0.19921875;0.1640625
0.37109375;0.17578125;0.1484375;0.15234375;0.203125;0.21875;0.1875;0.0546875;0.2578125;0.75;0.21484375;0.14453125;0.1953125;0.33203125;0.53125;0.01171875
0.421875;0.78515625;0.37109375;0.49609375;0.6015625;0.86328125;0.109375;0.66015625;0;0.10546875;0.16015625;0.05859375;0.4765625;0.85546875;0.296875;0.35546875
0.6171875;0.46875;0.046875;0.30859375;0.86328125;0.88671875;0.1484375;0.16015625;0.484375;0.72265625;0.01953125;0.08984375;0.0703125;0.44140625;0.01171875;0.12890625
0.82421875;0.4453125;0.5;1.1484375;0.51171875;0.66796875;0.6171875;0.6640625;0.796875;0.4765625;0.9140625;1.24609375;0.48828125;0.17578125;0.3125;0.73828125
0.08984375;0.11328125;0.171875;0.015625;0.28125;0.18359375;0.4140625;0.109375;0.37890625;0.22265625;0.625;0.22265625;0.28125;0.12109375;0.33203125;0.0234375
0.4609375;1.55859375;0.75390625;0.05078125;0.41796875;1.78125;0.93359375;0.08203125;0.8671875;1.2421875;0.37109375;0.34375;0.67578125;1.42578125;0.51171875;0.1171875
0.1328125;0.09375;0.17578125;0.08203125;0.2734375;1.06640625;0.05078125;0.06640625;0.125;0.55078125;0.2109375;0.421875;0.03515625;0.390625;0.5546875;0.4921875
0.12109375;0.33984375;0.05078125;0.19140625;0.23046875;0.890625;0.0234375;0.03125;0.26953125;0.4140625;0.09765625;0.015625;0.171875;0.4765625;0.06640625;0.16796875
0.59375;0.57421875;0.23828125;0.16796875;0.03125;0.5625;0.27734375;0.03125;0.5078125;0.8203125;0.4765625;0.05078125;0.2421875;0.86328125;0.64453125;0.125
0.46875;0.03515625;0.05859375;0.28515625;0.53125;0.3203125;0.33984375;0.74609375;0.234375;0.734375;0.30078125;0.875;0.6328125;0.07421875;0.1328125;0.37890625
0.20703125;0.10546875;0.25390625;0.62109375;0.41796875;0.390625;0.125;0.61328125;0.6875;0.74609375;0.13671875;0.8046875;0.25;0.37890625;0.29296875;0.7890625
0.8359375;0.28125;0.0703125;0.234375;1.2109375;0.4140625;0.15625;0.40234375;0.578125;0.32421875;0.37890625;0.06640625;0.56640625;0.0234375;0.02734375;0.1328125
0.109375;0.203125;0.453125;0.30859375;0.08203125;0.3046875;0.01171875;0.51953125;0.1953125;0.4609375;0.1171875;0.30078125;0.24609375;0.33203125;0.359375;0.6796875
0.14453125;0.34765625;0.0078125;0.46484375;0.30078125;0.33984375;0.1953125;1.12890625;0.203125;0.1796875;0.4921875;0.57421875;0.0546875;0.01953125;0.25;0.96875
0.27734375;0.4765625;0;0.03515625;0.06640625;0.234375;0.125;0.17578125;0.125;0.08203125;0.0859375;0.03515625;0.04296875;0.43359375;0.0234375;0.140625
0.65625;0.34765625;0.33203125;0.13671875;0.171875;0.171875;0.62109375;0.5390625;0.73828125;0.19140625;0.390625;0.1015625;0.41796875;0.12109375;0.0859375;0.03515625
0.1171875;0.13671875;0.4453125;0.515625;0.046875;0.125;0.29296875;0.3515625;0.00390625;0.1640625;0.546875;0.546875;0.0234375;0.36328125;1.09765625;0.30078125
0.6171875;0.28515625;0.57421875;0.3984375;1.0078125;0.15625;0.51171875;0.79296875;0.015625;0.11328125;0.015625;0.16796875;0.4453125;0.30078125;0.421875;0.90625
0.1484375;0.234375;0.04296875;0.07421875;0.37109375;0.17578125;0.1015625;0.16796875;0.4296875;0.23046875;0.078125;0.0703125;0.1484375;0.1640625;0.21875;0.04296875
0.59765625;0.08203125;0.19140625;0.91796875;0.89453125;0.57421875;0.28515625;0.35546875;0.84765625;0.3828125;0.38671875;0.95703125;0.3671875;0.03125;0.0078125;0.65234375
0.59765625;0.24609375;0.5;0.07421875;0.31640625;0.23046875;0.546875;0.14453125;0.2890625;0.265625;0.8359375;0.234375;0.203125;0.1484375;0.5859375;0.02734375
0.2890625;0.30078125;0.296875;0.8359375;0.09375;0.1328125;0.45703125;0.72265625;0.79296875;0.05078125;0.1484375;0.91796875;0.3828125;0.0234375;0.03125;0.71484375
0.13671875;0.140625;0.171875;0.15234375;0.28515625;0.6484375;0.1875;0.2265625;0.03515625;0.06640625;0.37890625;0.15234375;0.28515625;0.046875;0.14453125;0.33203125
0.30859375;0.51953125;0.1015625;0.08984375;0.390625;0.375;0.5859375;0.0859375;0.2578125;0.140625;0.5234375;0.15625;0.39453125;0.37890625;0.390625;0.0546875
0.15234375;0.7734375;0.28125;0.1875;0.21875;0.21875;0.28515625;0.56640625;0.35546875;0.59375;0.00390625;0.25390625;0.515625;0.49609375;0.390625;0.61328125
0.0078125;0.36328125;0.62109375;0.33203125;0.4296875;0.0625;0.9375;0.703125;0.6171875;0.47265625;0.68359375;0.7578125;0.01953125;0.5078125;0.66015625;0.29296875
0.65234375;0.05078125;0.40625;0.3515625;0.58984375;0.0703125;0.4453125;0.3515625;0.8203125;0.21484375;0.55078125;0.4453125;0.58203125;0.04296875;0.625;0.40234375
1.07421875;0.4609375;0.30078125;0.203125;1.64453125;0.25;0.6796875;0.4453125;0.73828125;0.29296875;0.109375;0.39453125;0.828125;0.4375;0.30078125;0.0546875
0.13671875;0;0.74609375;1.04296875;0.23046875;0.52734375;0.5703125;1.1796875;0.265625;0.53515625;0.6328125;1.0546875;0.06640625;0.02734375;0.0234375;0.2421875
0.05078125;0.09375;0.25390625;0.296875;0.5703125;0.4609375;0.1640625;0.6875;0.18359375;0.08984375;0.1953125;0.40234375;0.26171875;0.15234375;0.1328125;0.71875
0.46875;0.01171875;0.1015625;0.58984375;0.3984375;0.03125;0.6640625;0.43359375;0.22265625;0.16015625;0.125;0.3125;0.48046875;0.0234375;0.5703125;0.5078125
0.2578125;0.05859375;0.75;0.00390625;0.70703125;0.265625;0.875;0.44140625;0.05078125;0.03125;0.65625;0;0.0546875;0.1640625;0.30078125;0.0703125
1.09375;0.05859375;0.51171875;0;0.8828125;0.14453125;0.59375;0.09765625;1.3359375;0.19921875;0.4765625;0.01171875;1.1171875;0.3984375;0.43359375;0.6640625
0.45703125;0.21484375;0.19921875;0.03515625;0.6953125;0.078125;0.0078125;0.0390625;0.09765625;0.10546875;0.140625;0.0859375;0.7109375;0.3671875;0.09375;0.13671875
0.0625;0.33984375;0.27734375;0.05078125;0.421875;0.625;0.23046875;0.2109375;0.44140625;0.4921875;0.109375;0.05859375;0.30078125;0.17578125;0.01171875;0.02734375
0.640625;0.2890625;0.18359375;0.34375;0.5234375;0.20703125;0.359375;0.125;0.79296875;0.26953125;0.515625;0.2734375;0.3984375;0.1953125;0.01953125;0.18359375
0.03515625;0.33984375;0.21875;0.078125;0.24609375;0.59375;0.203125;0.29296875;0.3671875;0.90234375;0.34765625;0.5234375;0.359375;1.01171875;0.0234375;0.57421875
0.40625;0.28515625;0.4765625;0.171875;0.2265625;0.1171875;0.515625;0.03125;0.5859375;0.41796875;0.875;0.1875;0.5;0.3984375;0.453125;0.01953125
0.21484375;0.09375;0.10546875;0.2109375;0.47265625;0.3515625;0.15625;0.078125;0.7265625;0.375;0.21875;0.99609375;1.09765625;0.15625;0.0234375;1.19140625
0.30078125;0.9453125;0.7578125;0.03515625;0.3046875;0.4453125;1.04296875;0.05859375;0.3515625;0.21484375;0.5625;0.15625;0.48828125;0.67578125;0.90625;0.20703125
0.4375;0.359375;0.57421875;0.2734375;0.375;0.49609375;0.4453125;0;0.62109375;0.36328125;0.75390625;0.2265625;0.734375;0.140625;0.78125;0.09765625
0.36328125;0.19140625;0.2734375;0.203125;0.484375;0.16796875;0.140625;0.2890625;0.03515625;0.3515625;0.015625;0.3046875;0.54296875;0.1328125;0.2109375;0.234375
0.80078125;0.30859375;0.6171875;0.14453125;0.12890625;0.265625;0.4453125;0.1640625;0.05078125;0.234375;0.3828125;0.41796875;0.1328125;0.4375;0.7578125;0.30078125
0.4375;0.23828125;0.515625;0.1171875;0.2421875;0.8828125;0.1015625;0.32421875;0.16015625;0.4140625;0.1171875;0.09375;0.265625;0.27734375;0.140625;0.00390625
0.06640625;0.08203125;0.53515625;0.09375;0.16796875;0.1640625;1.04296875;0.5390625;0.1328125;0.16015625;0.8515625;0.51953125;0.2109375;0.07421875;0.68359375;0.33203125
0.09375;0.24609375;0.33984375;0.01171875;0.52734375;0.00390625;0.17578125;0.234375;0.51171875;0.08203125;0.82421875;0.203125;0.609375;0.015625;0.48046875;0.14453125
0.41015625;0.00390625;0.18359375;0.16796875;0.671875;0.046875;0.13671875;0.453125;0.421875;0.00390625;0.14453125;0.02734375;0.57421875;0.09375;0.1171875;0.515625
0.15625;0.84765625;0.65234375;0.1015625;0.2734375;0.75390625;0.9375;0.03515625;0.11328125;0.90625;0.58203125;0.1171875;0.25390625;0.5078125;0.19921875;0.15625
0.31640625;0.015625;0.359375;0.08984375;0.3515625;0.296875;0.22265625;0.05078125;0.20703125;0.2265625;0.359375;0.1953125;0.375;0.29296875;0.59375;0.12890625
0.4453125;0.72265625;0.0625;0.08984375;0.20703125;0.515625;0.17578125;0.59765625;0.18359375;0.09375;0.1484375;0.1953125;0.30078125;0.71484375;0.53515625;0.31640625
0.46875;0.09375;0.12109375;0.38671875;0.5625;0.2734375;0.6484375;0.1484375;0.859375;0.58984375;0.4921875;0.01953125;0.52734375;0.19140625;0.05859375;0.1640625
1.1015625;0.52734375;0.49609375;0.3671875;1.38671875;0.08203125;1.14453125;0.51953125;1.140625;0.671875;0.7890625;0.51171875;0.83203125;0.328125;0.38671875;0.14453125
0.43359375;0.13671875;0.12890625;0.58203125;0.15625;0.05078125;0.0390625;0.39453125;0.1796875;0.14453125;0.1015625;0.4921875;0.10546875;0.26171875;0.53125;0.078125
0.375;0.3125;0.0703125;0.6484375;0.34375;0.3125;0.45703125;1.0625;0.71875;0.1640625;0.109375;0.4765625;0.58203125;0.23046875;0.140625;0.51953125
0.13671875;0.15625;0.06640625;0.078125;0.1484375;0.1875;0.52734375;0.0625;0.37890625;0.23046875;0.5;0.125;0.3828125;0.625;0.4140625;0.02734375
0.625;0.0546875;0.203125;0.45703125;0.10546875;0.44921875;0.05859375;0.0234375;0.10546875;0.03515625;0.12890625;0.23828125;0.46875;0.109375;0.21484375;0.08203125
0.1875;0.12890625;0.015625;1.14453125;0.21875;0.125;0.1875;0.32421875;0.12890625;0.27734375;0.125;1.0859375;0.10546875;0.05078125;0.12890625;0.828125
0.11328125;0.140625;0.1328125;0.03515625;0.33203125;0.15234375;0.34765625;0.1328125;0.50390625;0.5625;0.43359375;0.26171875;0.2890625;0.11328125;0.2890625;0.09375
0.421875;1.07421875;0.30078125;0.67578125;0.62109375;0.97265625;0.71875;0.8203125;0.93359375;1.09375;1.06640625;1.06640625;0.375;1.29296875;0.58203125;1.1640625
0.2890625;0.19140625;0.6640625;0.08203125;0.05859375;0.59765625;0.43359375;0.40234375;0.00390625;0.421875;0.1328125;0.19140625;0.22265625;0.3828125;0.3515625;0.1328125
0.359375;0.25390625;0.5078125;0.55859375;0.08203125;0.2265625;0.11328125;0.50390625;0.0546875;0.1875;0.109375;0.3515625;0.39453125;0.26953125;0.234375;0.59765625
0.13671875;0.36328125;0.2890625;0.23828125;0.21875;0.41796875;0.140625;0.22265625;0.0625;0.5703125;0.015625;0.05078125;0.12890625;0.23828125;0.1875;0.0390625
0.22265625;0.0625;0.12109375;0.4609375;0.16015625;0.015625;0.1328125;0.48046875;0.14453125;0.05859375;0.05078125;0.08984375;0.03515625;0.01953125;0.05859375;0.6015625
0.09375;0.69140625;0.31640625;0.64453125;0.14453125;0.4765625;0.609375;0.234375;0.0859375;0.66015625;0.2265625;0.55859375;0.12109375;0.26953125;0.13671875;0.22265625
0.32421875;0.48828125;0.3671875;0.359375;0.16796875;0.27734375;0.234375;0.1640625;0.07421875;0.6953125;0.6328125;0.03125;0.00390625;0.71484375;0.25390625;0.0859375
1;0.8203125;0.1015625;0.015625;0.859375;0.921875;0.109375;0.04296875;0.29296875;0.06640625;0.12890625;0.03125;0.83984375;1.265625;0.23828125;0.27734375
0.40625;0.09765625;0.77734375;0.05859375;0.828125;0.06640625;0.73828125;0.0546875;0.48828125;0.125;0.77734375;0.0078125;0.265625;0.04296875;0.41015625;0.015625
0.25390625;0.7109375;1.26953125;0.33984375;0.41796875;0.734375;0.83203125;0.0234375;0.19921875;1.11328125;1.65234375;0.41796875;0.36328125;0.30859375;0.70703125;0.265625
0.078125;0.47265625;0.5390625;0.1796875;0.01953125;0.390625;0.50390625;0.3828125;0.0625;0.4609375;0.74609375;0.51171875;0.0625;0.3125;0.046875;0.5859375
0.21875;0.37890625;0.7734375;0.3984375;0.43359375;0.4921875;0.59375;0.078125;0.13671875;0;0.921875;0.3984375;0.015625;0.08203125;0.8828125;0.35546875
0.1640625;0.16015625;0.11328125;0.18359375;0.18359375;0.2109375;0.21875;0.15625;0.0625;0.21875;0.06640625;0.484375;0.515625;0.23046875;0.08984375;0.91796875
0.0390625;0.6484375;0.0078125;0.52734375;0.12890625;0.75;0.08984375;0.3046875;0.37109375;0.671875;0.0078125;0.328125;0.2421875;0.796875;0.03125;0.6328125
0.3515625;0.01171875;0.45703125;0.36328125;0.08203125;0.07421875;0.11328125;0.234375;0.3671875;0.0078125;0.40625;0.34765625;0.26953125;0.08984375;0.15234375;0.00390625
0.65234375;0.06640625;0.3203125;0.109375;0.94140625;0.05859375;0.57421875;0.3203125;0.7578125;0.0234375;0.29296875;0.33203125;0.58203125;0.109375;0.40234375;0.34765625
0.24609375;1.3125;0.55859375;0.4140625;0.46875;0.8125;0.53125;0.46875;1.01171875;1.0234375;0.7265625;0.41015625;0.25;0.6875;0.22265625;0.9140625
0.03125;0.13671875;0.3515625;0.171875;0.5390625;0.84765625;0.05859375;0.39453125;0.4296875;0.1796875;0.0234375;0.328125;0.43359375;0.21875;0.06640625;0.14453125
0.25;0.1015625;0.25;0.41796875;0.5625;0.125;0.1015625;0.3125;0.6328125;0.20703125;0.16015625;0.21875;0.11328125;0.2109375;0.23828125;0.42578125
0.03125;0.1171875;0.05078125;0.08984375;0.08984375;0.32421875;0.17578125;0.1796875;0.18359375;0.37890625;0.05078125;0.53125;0.22265625;0.4296875;0.06640625;0.171875
0.09375;0.703125;1.00390625;1.1328125;0.16015625;0.3359375;1.55078125;1.12890625;0.01171875;0.13671875;0.48828125;0.3125;0.13671875;0.65234375;1.57421875;1.29296875
0.48828125;0.1875;0.1484375;0.44921875;0.19140625;0.08984375;0.12890625;0.40234375;0.328125;0.08984375;0.046875;0.34765625;0.0546875;0.19921875;0.1640625;0.22265625
0.421875;0.1171875;0.57421875;0.2265625;0.34765625;0.1875;0.2109375;0.41796875;0.5;0.49609375;0.33203125;0.2734375;0.875;0.09765625;0.78125;0.12890625
0.421875;0.0859375;0.17578125;0.17578125;0.33984375;0.2734375;0.3359375;0.0703125;0.05859375;0.0625;0.03515625;0.15234375;0.4609375;0.01953125;0.41015625;0.5703125
0.37109375;0.0625;0.45703125;0.41015625;0.828125;0.0703125;0.80859375;0.68359375;0.34765625;0.1328125;0.734375;0.45703125;0.01953125;0.12109375;0.421875;0.17578125
1.2109375;0.25;0.04296875;0.05859375;1.015625;0.10546875;0.32421875;0.39453125;1.39453125;0.06640625;0.17578125;0.12890625;0.75390625;0.25;0.140625;0.078125
0.46875;0.6328125;0.078125;0.37890625;0.59375;0.44140625;0.0859375;0.4375;0.81640625;0.59375;0.2421875;0.58984375;0.80078125;0.2109375;0.22265625;0.27734375
0.30859375;1.01171875;0.12890625;0.35546875;0.02734375;0.80859375;0.2109375;0.23046875;0.4453125;1.37890625;0.09375;0.25390625;0.3828125;0.95703125;0.10546875;0.2734375
0.09765625;0.06640625;0.09375;0.046875;0.61328125;0.3984375;0.25390625;0.6484375;0.296875;0.28515625;0.28515625;0.62109375;0.0625;0.53125;0.67578125;0.59765625
0.9765625;0.39453125;0.07421875;0.21484375;0.71484375;0.62109375;0.03125;0.58203125;0.546875;0.0234375;0.15234375;0.38671875;0.9765625;0.21875;0.140625;0.4296875
0;0.56640625;0.2890625;0.16015625;0.18359375;0.3046875;0.296875;0.28515625;0.1328125;0.49609375;0.19921875;0.23046875;0.31640625;0.0390625;0.06640625;0.19921875
0.05859375;0.16015625;0.05078125;0.40234375;0.328125;0.17578125;0.06640625;0.73828125;0.64453125;0.22265625;0.09765625;0.625;0.078125;0.33203125;0.12890625;0.37109375
0.0546875;0.390625;0.2109375;1.26171875;0.13671875;0.78125;0.05859375;1.03125;0.04296875;1.1015625;0.30859375;0.79296875;0.44921875;0.33203125;0.39453125;0.0390625
0.296875;0.84375;1.22265625;0.82421875;0.109375;0.296875;0.8125;0.5703125;0.078125;0.34765625;1.19921875;0.78515625;0.0234375;0.19921875;1.1328125;0.8203125
0.078125;0.3671875;0.29296875;0.4375;0.0859375;0.51953125;0.07421875;0.2890625;0.1953125;0.60546875;0.0078125;0.328125;0.08203125;0.44921875;0.09375;0.20703125
0.45703125;0.40234375;0.49609375;0.2890625;0.98046875;0.48828125;0.32421875;0.125;0.4609375;0.47265625;0.55859375;0.24609375;0.0234375;0.29296875;0.609375;0.8203125
0.43359375;0.328125;0.62890625;0.23046875;0.14453125;0.0390625;0.36328125;0.09375;0.453125;0.48828125;0.5234375;0.109375;0.05859375;0.0234375;0.40625;0.0625
0.88671875;0.5625;0.3125;0.47265625;0.71484375;0.90625;0.08203125;0.6875;0.765625;1;0.19140625;0.625;0.125;0.5;0.26171875;0.1484375
0.02734375;0.1171875;0.11328125;0.42578125;0.2578125;0.265625;0.67578125;0.54296875;0.5;0.3515625;0.54296875;0.41796875;0.3046875;0.265625;0;0.48046875
0.01953125;0.09765625;0.4609375;0.04296875;0.1015625;0.046875;0.390625;0.578125;0.0625;0.04296875;0.41796875;0.859375;0.0546875;0.046875;0.47265625;0.578125
0.53515625;0.03125;0.97265625;0.46484375;0.21484375;0.1171875;0.453125;0.15234375;0.48828125;0.515625;0.828125;0.2421875;0.21484375;0.27734375;0.54296875;0.09765625
0.62890625;0.15234375;0.91796875;0.19140625;0.828125;0.1328125;0.73046875;0.4296875;0.7421875;0.140625;0.53125;0.4921875;0.28125;0.04296875;0.10546875;0.32421875
0.1328125;0.0703125;0.2734375;0.4609375;0.1171875;0.18359375;0.32421875;0.58984375;0.3359375;0.15625;0.12109375;0.203125;0.25390625;0.0859375;0.0625;0.1875
0.8828125;0.078125;0.28125;0.5078125;0.0078125;0.4765625;0.01953125;0.07421875;0.03125;0.40234375;0.015625;0;0.43359375;0.51171875;0.19140625;0.00390625
0.3828125;0.265625;0.15234375;0.2734375;0.30859375;0.12890625;0.1328125;0.27734375;0.1875;0.13671875;0.1796875;0.00390625;0.87109375;0.39453125;0.29296875;0.66796875
0.0390625;0.50390625;0.48046875;0.5859375;0.02734375;0.57421875;0.4765625;0.5390625;0.015625;0.50390625;0.3828125;0.7421875;0.06640625;0.47265625;0.3828125;0.984375
0.1640625;1.04296875;0.578125;0.7109375;0.3828125;0.19140625;0.2890625;0.12109375;0.12109375;0.515625;0.08203125;0.30859375;0.62890625;0.78125;0.046875;0.61328125
0.8828125;0.22265625;0.02734375;0.640625;0.48046875;0.1015625;0.02734375;0.53515625;0.84765625;0.2734375;0.34375;0.2265625;0.4765625;0.37890625;0.51953125;0.2734375
0.15625;0.2578125;0.32421875;0.49609375;0.1640625;0.90625;0.625;0.7265625;0.8046875;0.73828125;0.19921875;1.1875;0.42578125;0.19921875;0.27734375;0.703125
0.32421875;0.55859375;0.1953125;0.0546875;0.265625;0.5390625;0.30859375;0.12890625;0.28125;0.8125;0.6484375;0.20703125;0.20703125;0.87890625;0.7265625;0.3046875
0.12109375;0.5;0.68359375;0.16015625;0.6484375;0.015625;0.7109375;0.69921875;0.11328125;0.0703125;0.74609375;0.3984375;0.15625;0.1328125;0.6171875;0.47265625
0.19921875;0.48046875;0.4296875;0.234375;0.2734375;0.828125;0.43359375;0.328125;0.37109375;0.89453125;0.02734375;0.0703125;0.453125;0.5078125;0.0390625;0.10546875
0.43359375;0.0546875;0.03125;0.05859375;0.05078125;0.31640625;0.109375;0.09765625;0.2109375;0.14453125;0.0234375;0.1015625;0.46484375;0.25390625;0.06640625;0.22265625
0.64453125;0.328125;0.28125;0.08984375;0.89453125;0.7265625;0.38671875;0.2265625;0.9921875;0.89453125;0.328125;0.0234375;0.41796875;0.33984375;0.0390625;0.1953125
0.01171875;0.171875;0.19921875;0.3515625;0.00390625;0.0546875;0.53515625;0.22265625;0.6015625;0.2734375;0.27734375;0.00390625;0.38671875;0.34765625;0.0703125;0.2578125
0.703125;0.23046875;1.140625;0.31640625;0.0859375;0.13671875;0.64453125;0.47265625;0.01171875;0.47265625;0.59375;0.8515625;0.28125;0.7578125;0.8828125;1.00390625
0.078125;0.2109375;0.8984375;0.28515625;0.33984375;0.03515625;0.3984375;0.328125;0.03515625;0.73046875;0.0390625;0.76171875;0.4140625;0.21875;0.78125;0.1640625
0.01171875;0.015625;0.16015625;0.31640625;0.03125;0.43359375;0.17578125;0.0390625;0.00390625;0.41796875;0.3515625;0.05859375;0.1640625;0.09375;0.91015625;0.42578125
0.640625;0.71484375;0.125;0.44140625;0.87109375;1.03125;0.1875;0.40625;0.62890625;0.9453125;0.6015625;0.18359375;0.50390625;0.75390625;0.53515625;0.18359375
0.63671875;0.64453125;0.19140625;0.22265625;0.765625;0.90234375;0.52734375;0.109375;0.66015625;0.8671875;0.578125;0.02734375;0.3359375;0.87890625;0.671875;0.3046875
0.296875;0.15625;0.01171875;0.1640625;0.2109375;0.0234375;0.046875;0.109375;0.1953125;0.01171875;0.09765625;0.1328125;0.08203125;0.30859375;0.1328125;0.5234375
0.625;0.0390625;0.51953125;0.5546875;0.59765625;0.0078125;0.69921875;0.46875;0.80078125;0.171875;0.703125;0.3203125;1.06640625;0.18359375;0.84375;0.30859375
0.38671875;0.4453125;0.27734375;0.34375;0.15234375;0.078125;0.1015625;0.15234375;0.03515625;0.30078125;0.0859375;0.4140625;0.44921875;0.265625;0.125;0.421875
0.02734375;0.0625;0.43359375;0.22265625;0.1953125;0.12109375;0.16796875;0.13671875;0.47265625;0.0546875;0.5703125;0.35546875;0.375;0.03515625;0.625;0.4375
0.05859375;0.5390625;0.1875;0.69921875;0.19921875;0.27734375;0.2109375;0.55078125;0.23828125;0.83984375;0.08984375;1.0234375;0.10546875;0.25390625;0.2890625;0.01171875
0.63671875;0.33984375;0.31640625;0.58203125;0.4765625;0.1171875;0.21875;0.21875;0.89453125;0.37890625;0.0078125;0.23828125;1.02734375;0.51171875;0.1796875;0.01953125
0.2734375;0.046875;0.30859375;0.4375;0.4140625;0.5546875;0.8203125;0.05078125;0.453125;0.140625;0.64453125;0.1328125;0.43359375;0.25;0.484375;0.22265625
0.546875;0.19921875;0.0390625;0.1953125;0.9375;0;0.18359375;0.34765625;0.62109375;0.2578125;0.15234375;0.51953125;0.40625;0.13671875;0.5078125;0.14453125
0.4453125;0.58984375;0.3046875;0.5078125;0.6015625;0.1875;0.29296875;0.42578125;0.56640625;0.453125;0.203125;0.5;0.51953125;0.25390625;0.33984375;0.33984375
0.81640625;0.0546875;0.4375;0.2265625;0.8125;0.140625;0.47265625;0.47265625;1.25;0.19140625;0.59375;0.60546875;0.64453125;0.22265625;0.23046875;0.20703125
0.16796875;0.296875;0.36328125;0.0078125;0.625;0.5;0.12890625;0.3984375;0.45703125;0.65234375;0.24609375;0.18359375;0.04296875;0.63671875;0.48828125;0.125
0.53125;0.94140625;0.24609375;0.609375;0.19140625;0.33203125;0.34765625;0.03515625;0.125;0.421875;0.40625;0.0703125;0.28515625;0.91015625;0.40625;0.21484375
0.578125;0.453125;0.17578125;0.21484375;0.4453125;0.2265625;0.140625;0.04296875;0.54296875;0.69921875;0.484375;0.1328125;0.6015625;0.12109375;0.09375;0.0859375
0.61328125;0.78515625;0.54296875;0.69921875;0.53125;0.23828125;0.96875;0.89453125;0.46875;0.26171875;0.87109375;0.859375;0.109375;0.359375;0.62890625;0.6875
0.2421875;0.1171875;0.07421875;0.11328125;0.23828125;0.046875;0.09765625;0.05859375;0.578125;0.30859375;0.78515625;0.25;0.44921875;0.3671875;0.74609375;0.140625
0.84375;1.4140625;0.4296875;0.21875;0.0234375;1.3515625;0.76171875;0.19921875;0.140625;1.2890625;0.65625;0.06640625;0.2578125;1.296875;0.64453125;0.12109375
0.13671875;0.71875;0.03515625;0.28125;0;0.32421875;0.16796875;0.19140625;0.109375;0.08203125;0.109375;0.01953125;0.23828125;0.86328125;0.5859375;0.40234375
0.109375;0.30859375;0.01953125;0.16015625;0.21484375;0.390625;0.16015625;0.06640625;0.26953125;0.640625;0.0390625;0.04296875;0.2421875;0.98046875;0.109375;0.1171875
0.53125;0.72265625;0.28515625;0.13671875;0.2734375;0.3359375;0.609375;0.15625;0.484375;0.41796875;0.79296875;0.15625;0.1953125;0.84375;0.734375;0.2109375
0.671875;0.3125;0.20703125;0.59375;0.34765625;0.34765625;0.1015625;0.625;0.62890625;0.61328125;0.359375;1.0546875;0.42578125;0.4765625;0.43359375;0.8359375
0.48046875;0.9296875;0.03515625;0.82421875;0.67578125;0.33984375;0.06640625;0.6171875;0.390625;0.45703125;0.16015625;1.0859375;0.3359375;0.32421875;0.5859375;0.3203125
0.9140625;0.7578125;0.46875;0.33203125;0.7578125;0.25;0.453125;0.28125;1.21484375;0.40234375;0.40234375;0.23828125;1.26171875;0.3046875;0.31640625;0.11328125
0.140625;0.06640625;0.3984375;0.39453125;0.1171875;0.08203125;0.25390625;0.671875;0.01171875;0.05078125;0.06640625;0.53515625;0.203125;0.2890625;0.31640625;0.625
0.0546875;0.015625;0.234375;0.7421875;0.0859375;0.13671875;0.67578125;0.73046875;0.2421875;0.33203125;0.84765625;0.24609375;0.1328125;0.25;0.015625;0.1171875
0.46875;0.31640625;0.515625;0.28515625;0.1640625;0.19921875;0.140625;0.2578125;0.109375;0.421875;0.07421875;0.078125;0.1875;0.15234375;0.16015625;0.07421875
0.35546875;0.53515625;0.6015625;0.359375;0.6875;0.49609375;0.38671875;0.109375;0.67578125;0.1640625;0.63671875;0.25390625;0.40234375;0.3046875;0.171875;0.1875
0.015625;0.03515625;0.609375;0.29296875;0.3203125;0.53125;0.7734375;1.01953125;0.0234375;0.7421875;1.05078125;0.53125;0.25;0.234375;0.86328125;0.06640625
0.83984375;0.16796875;0.44140625;0.81640625;0.15625;0.15234375;0.015625;0.65234375;0.125;0.26171875;0.01953125;0.7109375;0.11328125;0.34375;0.28515625;0.8515625
0.01953125;0.30859375;0.08984375;0.11328125;0.453125;0.234375;0.10546875;0.1015625;0.51171875;0.0546875;0.16796875;0.1484375;0.23046875;0.3515625;0.0859375;0.20703125
0.65234375;0.3046875;0.73046875;0.6875;0.94140625;0.62109375;0.328125;0.60546875;0.84375;0.484375;0.125;0.61328125;0.29296875;0.0625;0.65234375;0.58203125
0.6953125;0.046875;0.25;0.265625;0.62890625;0.09765625;0.52734375;0.19921875;0.05859375;0.18359375;0.5078125;0.17578125;0.1875;0.23046875;0.44921875;0.24609375
0.49609375;0.08984375;0.078125;0.7578125;0.05078125;0.39453125;0.5078125;0.47265625;0.1328125;0.2578125;0.46875;0.46875;0.41796875;0.21484375;0.74609375;0.6328125
0.1328125;0.15234375;0.31640625;0.05078125;0.14453125;0.0703125;0.26171875;0.1796875;0.10546875;0.125;0.2421875;0.12890625;0.51171875;0.53125;0.03515625;0.0546875
0.39453125;0.5;0.21875;0.01171875;0.515625;0.45703125;0.453125;0.1953125;0.42578125;0.2578125;0.6328125;0.19921875;0.47265625;0.171875;0.86328125;0.19921875
0.2578125;0.5703125;0.1328125;0.1875;0.7265625;0.046875;0.63671875;0.1015625;0.69140625;0.6171875;0.421875;0.16015625;0.69140625;0.23046875;0.65625;0.43359375
0.07421875;0.5390625;0.671875;0.30078125;0.19921875;0.1953125;0.56640625;0.42578125;0.6640625;0.09375;1.15234375;0.875;0.609375;0.33984375;1.015625;0.86328125
0.99609375;0.03125;0.51171875;0.4609375;0.73046875;0.2109375;0.41015625;0.39453125;0.83984375;0.03125;0.83203125;0.49609375;0.21875;0;0.328125;0.25390625
1.16015625;0.0390625;0.2890625;0.74609375;0.921875;0.0859375;0.1015625;0.33203125;1.58984375;0.453125;0.48046875;0.51953125;1.69140625;0.74609375;0.5546875;0.4765625
0.09765625;0.05078125;0.38671875;1.04296875;0.171875;0.30859375;0.5390625;1.03515625;0.16796875;0.2890625;0.23046875;0.93359375;0.07421875;0.03125;0.01171875;0.3125
0.3125;0.14453125;0.015625;0.43359375;0.4375;0.0078125;0.12109375;0.4140625;0.55078125;0.3125;0.4140625;0.0546875;0.05078125;0.3203125;0.24609375;0.05859375
0.6015625;0.41015625;0.078125;0.75390625;0.25390625;0.03515625;0.5078125;0.2421875;0.42578125;0.0546875;0.125;0.51171875;0.33203125;0.1796875;0.3828125;0.33203125
0.55078125;0.48046875;0.8828125;0.31640625;0.16015625;0.08984375;0.76953125;0.01171875;0.109375;0.08203125;0.9765625;0.16015625;0.1640625;0.29296875;0.3515625;0.1484375
0.95703125;0.109375;0.56640625;0.25390625;1.859375;0.00390625;0.62890625;0.13671875;1.4296875;0.15234375;0.1328125;0.40625;0.83984375;0.1328125;0.2265625;0.453125
0.76171875;0.00390625;0.015625;0.00390625;0.43359375;0.0234375;0.2890625;0.01171875;0.48828125;0.28125;0.29296875;0.06640625;0.734375;0.50390625;0.078125;0.109375
0.03125;0.40234375;0.0390625;0.19140625;0.04296875;0.64453125;0.03125;0;0.4921875;0.56640625;0.47265625;0.546875;0.1953125;0.71484375;0.13671875;0.26171875
0.359375;0.0234375;0.6328125;0.5390625;0.6640625;0.02734375;0.5390625;0.04296875;0.62109375;0.125;0.359375;0.09765625;0.53515625;0.4765625;0.265625;0.37890625
0.08203125;0.484375;0.10546875;0.38671875;0.1484375;0.8359375;0.046875;0.4765625;0.6328125;0.78125;0.20703125;0.7734375;0.55078125;0.609375;0.1484375;0.47265625
0.52734375;0.4453125;0.5703125;0.03125;0.16015625;0.046875;0.25;0.03515625;0.19921875;0.07421875;0.40234375;0.015625;0.2265625;0.0078125;0.7890625;0.1328125
0.7265625;0.30078125;0.04296875;0.65625;0.6328125;0.09765625;0.109375;0.6484375;0.31640625;0.03515625;0.1484375;0.29296875;1.01953125;0.2734375;0.27734375;0.75390625
0.34765625;0.94140625;0.8828125;0.109375;0.29296875;0.86328125;1.0703125;0.10546875;0.48828125;0.36328125;0.9296875;0.2265625;0.6328125;0.09375;1.0703125;0.3671875
0.46875;0.3671875;0.64453125;0.20703125;0.73828125;0.703125;0.49609375;0.265625;0.88671875;0.65625;0.64453125;0.34375;0.83203125;0.10546875;0.78125;0.1171875
0.78515625;0.27734375;0.1015625;0.30859375;0.41796875;0.359375;0.12890625;0.25390625;0.55859375;0.36328125;0.09375;0.3984375;0.16015625;0.00390625;0.33984375;0.29296875
0.19921875;0.2265625;0.48828125;0.01953125;0.609375;0.203125;0.265625;0.69140625;0.16796875;0.47265625;0.90234375;0.1328125;0.4140625;0.3203125;0.41796875;0.078125
0.015625;0.8125;0.328125;0.2890625;0.1796875;0.4375;0.1015625;0.2109375;0.32421875;0.84375;0.2265625;0.33203125;0.4453125;0.84765625;0.4375;0.29296875
0.41796875;0.07421875;0.80078125;0.2890625;0.3125;0.02734375;0.98828125;0.40234375;0.1796875;0.19921875;1.0234375;0.625;0.1015625;0.01953125;0.7109375;0.38671875
0.3203125;0.06640625;0.20703125;0.18359375;0.4765625;0.125;0.6796875;0.30859375;0.55859375;0.421875;0.375;0.4609375;0.3125;0.0703125;0.0234375;0.09375
1.06640625;0.59765625;0.5;0.87890625;0.3828125;0.1328125;0.12109375;0.13671875;0.4609375;0.04296875;0.08203125;0.2890625;0.65625;0.18359375;0.21875;0.44921875
0.04296875;0.5859375;0.828125;0.03515625;0.0546875;0.77734375;0.61328125;0.0234375;0.28125;1.2421875;1.0234375;0.02734375;0.3671875;0.6875;0.32421875;0.14453125
0.390625;0.08984375;0.3671875;0.08203125;0.38671875;0.09765625;0.59765625;0.12109375;0.08203125;0.49609375;0.625;0.30859375;0.11328125;0.16796875;0.4375;0.28125
0.16015625;0.61328125;0.078125;0.52734375;0.0703125;0.1796875;0.41796875;0.48828125;0.171875;0.390625;0.796875;0.265625;0.2578125;0.86328125;0.65234375;0.0703125
0.859375;0.4921875;0.20703125;0.26953125;0.47265625;0.28515625;0.30078125;0.03125;0.1015625;0.296875;0.47265625;0.05859375;0.77734375;0.53125;0.2421875;0.08203125
0.69921875;0.59375;0.3515625;0.38671875;1.25;0.37890625;1.1328125;0.54296875;1.20703125;0.328125;1.0546875;0.41015625;0.69140625;0.21875;0.66015625;0.05078125
0.125;0.23046875;0.1640625;0.22265625;0.09375;0.2421875;0.4140625;0.203125;0.1796875;0.23828125;0.1171875;0.1953125;0.0234375;0.08984375;0.0078125;0.25
0.71875;0.1953125;0.1640625;0.53125;0.046875;0.35546875;0.4296875;0.67578125;0.08984375;0.30078125;0.41015625;0.6875;0.19140625;0.25390625;0.6328125;0.875
0.29296875;0.26953125;0.5078125;0.0078125;0.28515625;0.26953125;0.26953125;0.078125;0.19921875;0.1484375;0.0625;0.0859375;0.234375;0.66015625;0.49609375;0.0078125
0.60546875;0.109375;0.30078125;0.33984375;0.3984375;0.16015625;0.3984375;0.10546875;0.203125;0.03515625;0.203125;0.2421875;0.0546875;0.10546875;0.08203125;0.50390625
0.171875;0.26171875;0.12890625;1.0234375;0.21484375;0.3046875;0.1953125;0.66796875;0.1953125;0.16015625;0.00390625;1.1484375;0.0234375;0.1953125;0.05078125;0.75
0.5;0.1875;0.140625;0.046875;0.3203125;0.109375;0.109375;0.18359375;0.5546875;0.4921875;0.5625;0.15625;0.36328125;0.5;0.703125;0.1953125
0.75390625;0.859375;0.60546875;1.09765625;0.94921875;0.97265625;0.9296875;0.6796875;0.64453125;1.65625;0.765625;1.4609375;0.35546875;0.80859375;0.71875;0.6796875
0.3203125;0.58984375;0.0546875;0.390625;0.09375;0.35546875;0.25390625;0.1171875;0.01171875;0.5859375;0.46875;0.00390625;0.19140625;0.62890625;0.5703125;0.26171875
0.69140625;0.2578125;0.0859375;0.6796875;0.203125;0.296875;0.41796875;0.6328125;0.43359375;0.234375;0.26953125;0.62109375;0.42578125;0.2578125;0.12109375;0.58203125
0.1328125;0.01171875;0.1328125;0.06640625;0.0703125;0.24609375;0.02734375;0.12890625;0.59765625;0.05078125;0.76953125;0.515625;0.5703125;0.125;0.46484375;0.05859375
0.17578125;0.15625;0.109375;0.92578125;0.25;0.0859375;0.02734375;0.14453125;0.12890625;0.04296875;0.0703125;0.453125;0.21484375;0.0078125;0.109375;0.3515625
0.4609375;0.4609375;0.34765625;0.28125;0.24609375;0.66015625;0.2265625;0.60546875;0.0078125;0.88671875;0.61328125;0.71875;0.28125;0.36328125;0.328125;0.265625
0.0703125;0.421875;0.19921875;0.00390625;0.48046875;0.921875;0.8359375;0.62890625;0.1640625;1.1171875;0.69921875;0.21875;0.2109375;0.71484375;0.26953125;0.34375
0.75390625;1.0390625;0.0390625;0.16796875;0.31640625;0.4375;0.2578125;0.20703125;0.37890625;0.734375;0.4140625;0.3359375;0.59375;1.359375;0.31640625;0.49609375
0.2890625;0.375;1.0390625;0.0625;0.30078125;0.26953125;0.66015625;0.20703125;0.87890625;0.46875;0.09765625;0.11328125;0.1328125;0.6015625;1.1015625;0.1484375
0.14453125;0.8671875;1.00390625;0.1171875;0.05078125;0.98828125;1.29296875;0.3046875;0.08203125;0.77734375;1.203125;0.375;0.15234375;0.0703125;0.75;0.6953125
0.04296875;0.48046875;0.19140625;0.328125;0.109375;0.48046875;0.14453125;0.47265625;0.13671875;0.29296875;0.46875;0.58984375;0.10546875;0.2109375;0.41015625;0.484375
0.06640625;0.01171875;0.953125;0.328125;0.41015625;0.51171875;0.30078125;0.2109375;0.31640625;0.390625;0.3125;0.12890625;0.36328125;0.41796875;0.28515625;0.00390625
0.01171875;0.25;0.046875;0.453125;0.1796875;0.21875;0.0390625;0.48828125;0.10546875;0.21484375;0.1171875;0.23046875;0.375;0.1875;0.3203125;0.76171875
0.0703125;0.7890625;0.03515625;0.66015625;0.09375;1.01171875;0.078125;0.63671875;0.39453125;0.890625;0.0390625;0.51953125;0.56640625;0.9140625;0.03125;0.5234375
0.28125;0.03125;0.3671875;0.33984375;0.5078125;0.25;0.53515625;0.41015625;0.734375;0.16796875;0.68359375;0.421875;0.36328125;0.015625;0.22265625;0.1171875
0.21484375;0.12109375;0.390625;0.7890625;0.28125;0.0078125;0.23046875;0.59375;1.08203125;0.05859375;0.6953125;0.5234375;1.33203125;0.0859375;0.5859375;0.01953125
0.9140625;0.7265625;0.015625;0.515625;0.66015625;1.328125;1.02734375;0.1328125;0.34765625;1.21875;0.5234375;1.0390625;0.44140625;0.12109375;0.31640625;0.4921875
0.59375;0.75390625;0.19140625;0.69921875;0.1640625;0.328125;0.00390625;0.30078125;0.4375;0.59765625;0.26171875;0.3046875;0.52734375;0.48046875;0.39453125;0.1484375
0.08203125;0.265625;0.51171875;0.5703125;0.453125;0.10546875;0.22265625;0.41015625;0.18359375;0.21484375;0.515625;0.4453125;0.078125;0.23046875;0.33984375;0.4296875
0.0078125;0.15234375;0.07421875;0.08203125;0;0.21875;0.078125;0.578125;0.28125;0.75390625;0.12109375;0.30859375;0.4921875;0.69921875;0.3359375;0.33203125
0.5546875;0.82421875;1.5;0.890625;0.02734375;0.16015625;0.98046875;0.734375;0;0.64453125;1.125;1.0703125;0.265625;0.2578125;1.125;0.609375
0.43359375;0.1953125;0.4375;0.19921875;0.54296875;0.28515625;0.30078125;0.34375;0.359375;0.05859375;0.00390625;0.68359375;0.05859375;0.32421875;0.32421875;0.38671875
0.578125;0.171875;0.37109375;0.3671875;0.6640625;0.1796875;1.1015625;0.2109375;0.71875;0.36328125;1.046875;0.3828125;0.671875;0.4453125;0.33203125;0.0625
0.35546875;0.1953125;0.3984375;0.06640625;0.05859375;0.09765625;0.2734375;0.57421875;0.18359375;0.0859375;0.34765625;0.8515625;0.4296875;0.140625;0.5859375;0.7109375
0.17578125;0.0859375;0.5390625;0.4140625;0.109375;0.08203125;0.34765625;0.05859375;0.77734375;0.0859375;0.515625;0.3359375;0.0078125;0.0859375;0.3515625;0.140625
0.875;0.0859375;0.07421875;0.20703125;1.19140625;0.015625;0.328125;0.17578125;1.08203125;0.05859375;0.24609375;0.2109375;0.57421875;0.125;0.1015625;0.265625
0.640625;0.453125;0.45703125;0.51171875;0.7890625;0.4609375;0.16796875;0.40625;0.7734375;0.12890625;0.2265625;0.609375;0.5859375;0.0546875;0.40234375;0.42578125
0.44921875;1.0859375;0.0625;0.2265625;0.04296875;0.46484375;0.24609375;0.203125;0.046875;0.5234375;0.19921875;0.140625;0.0859375;0.83203125;0.0390625;0.13671875
0.35546875;0.08984375;0.328125;0.671875;0.08984375;0.1640625;0.21484375;0.38671875;0.0078125;0.02734375;0.03515625;0.10546875;0.19921875;0.08984375;0.76953125;0.6953125
1.0546875;0.33203125;0.03125;0.23828125;1.1015625;0.4296875;0.03515625;0.28125;0.8125;0.15625;0.21484375;0.54296875;0.734375;0.20703125;0.37109375;0.828125
0.0234375;0.5;0.18359375;0.28125;0.5546875;0.16015625;0.15625;0.26171875;0.52734375;0.3828125;0.35546875;0.37109375;0.46484375;0.0390625;0.046875;0.09765625
0.05859375;0.33203125;0.14453125;0.49609375;0.03125;0.0859375;0.33984375;0.5703125;0.57421875;0.28125;0.125;0.8828125;0.64453125;0.265625;0.3984375;0.70703125
0.0625;0.30078125;0.55078125;0.16015625;0.1875;0.64453125;0.4609375;1.05078125;0.5703125;0.73828125;0.23046875;0.87890625;0.265625;0.4609375;0.09375;0.15234375
0.14453125;0.27734375;1.234375;0.17578125;0.5;0.453125;0.953125;0.15234375;0.18359375;0.14453125;1.125;0.40234375;0.25;0.484375;0.9921875;0.20703125
0.1015625;0.39453125;0.3515625;0.40234375;0.11328125;0.59765625;0.09375;0.4375;0.08984375;0.4453125;0.0625;0.28515625;0.15625;0.3203125;0.33203125;0.45703125
0.109375;0.4453125;0.86328125;1.01953125;0.4453125;0.73046875;0.84765625;0.26171875;0.046875;0.4921875;0.79296875;0.91015625;0.48828125;0.609375;0.71875;0.88671875
0.00390625;0.046875;0.41796875;0.203125;0.67578125;0.01953125;0.80078125;0.171875;0.82421875;0.44140625;0.81640625;0.1328125;0.1953125;0.0078125;0.38671875;0.15234375
0.6328125;0.8515625;0.1796875;0.484375;1.0390625;0.9609375;0.09765625;0.66796875;0.96875;0.69921875;0.28125;0.546875;0.44140625;0.29296875;0.21875;0.23828125
0.41796875;0.54296875;0.390625;0.83984375;0.28515625;0.44921875;0.69140625;0.73046875;0.36328125;0.4765625;0.39453125;0.7109375;0.015625;0.078125;0.125;0.3671875
0.1015625;0.0859375;0.46875;0.59765625;0.00390625;0.07421875;0.5546875;1.015625;0.0390625;0.04296875;0.21875;0.30859375;0.15625;0.0234375;0.5703125;0.60546875
1.3125;0.75;1.69921875;0.40625;0.5390625;0.515625;0.71484375;0.40625;0.3125;0.03125;0.51171875;0.0234375;0.50390625;0.15234375;0.66796875;0.0625
0.265625;0.1015625;0.171875;0.09765625;0.8671875;0.09765625;0.80078125;0.31640625;0.25390625;0.0234375;0.20703125;0.3046875;0.87109375;0.1796875;0.97265625;0.578125
0.5;0.53515625;0.28125;0.328125;0.0859375;0.09765625;0.22265625;0.65625;0.640625;0.62890625;0.1484375;0.203125;0.046875;0.21484375;0.0390625;0.77734375
0.85546875;0.1171875;0.19921875;0.40234375;0.69921875;0.17578125;0.12890625;0.5625;0.140625;0.25;0.05859375;0.1953125;0.70703125;0.46484375;0.26953125;0.46875
0.7421875;0.27734375;0.19140625;0.6953125;0.69921875;0.20703125;0.01171875;0.75;0.8359375;0.37890625;0.26953125;0.60546875;0.5234375;0.32421875;0.08984375;0.2578125
0.1953125;0.26171875;0.09375;0.2265625;0.15625;0.6171875;0.5390625;0.58203125;0.2578125;0.31640625;0.18359375;0.74609375;0.328125;0.30078125;0.23828125;0.6015625
0.3359375;0.66796875;0.0234375;0.09375;0.3828125;0.26953125;0.203125;0.03125;0.75;0.8359375;0.1328125;0.67578125;0.51953125;0.96875;0.140625;0.578125
1.0625;0.6328125;0.30078125;0.21875;0.49609375;0.15625;0.18359375;0.2890625;0.3671875;0.21875;0.48046875;0.21484375;0.86328125;0.59765625;0.34375;0.01171875
0.37890625;0.078125;0.140625;0.546875;0.40234375;0.65625;0.3515625;0.78515625;0.34375;1.03515625;0.6015625;0.9609375;0.4375;0.23046875;0.08984375;0.5
0.59375;0.3828125;0.59375;0.09375;0.1875;0.265625;0.38671875;0.2890625;0.36328125;0.625;0.74609375;0.2578125;0.3359375;0.234375;0.296875;0.15234375
0.53515625;0.4765625;0.54296875;0.4140625;0.3125;0.18359375;1.01171875;0.43359375;0.17578125;0.07421875;0.6953125;0.25;0.3671875;0.62890625;0.66796875;0.29296875
0.5;0.46484375;0.07421875;0.0234375;0.21484375;0.67578125;0.390625;0.21484375;0.50390625;0.65625;0.03515625;0.0703125;0.5;0.75390625;0.18359375;0.18359375
0.79296875;0.0078125;0.09375;0.28125;0.109375;0.37890625;0.21484375;0.15625;0.16015625;0.10546875;0.04296875;0.29296875;0.01171875;0.37890625;0.15625;0.06640625
0.828125;0.8125;0.26953125;0.09765625;1;0.74609375;0.35546875;0.08203125;0.79296875;0.48046875;0.31640625;0.0546875;0.328125;0.0625;0.16796875;0.12890625
0.0078125;0.1015625;0.53515625;0.3828125;0.609375;0.6015625;0.453125;0.14453125;0.25;0.30859375;0.30859375;0.015625;0.1953125;0.00390625;0.0390625;0.0390625
0.51953125;0.09375;0.52734375;0.06640625;0.26171875;0.51171875;0.765625;0.8671875;0.03125;0.46484375;0.203125;0.47265625;0.75390625;0.828125;0.91015625;0.78125
0.2421875;0.29296875;0.60546875;0.95703125;0.03515625;0.6953125;0.1640625;0.796875;0.08203125;0.0859375;0.48828125;0.2734375;0.015625;0.1484375;0.5;0.35546875
0.19921875;0.05078125;0.2890625;0.25390625;0.03125;0.4609375;0.03125;0.0625;0.140625;0.1796875;0.828125;0.46484375;0.1015625;0.21875;0.265625;0.1875
0.19140625;0.08984375;0.01953125;0.67578125;0.609375;0.49609375;0.171875;0.58984375;0.25390625;0.2421875;0.18359375;0.5625;0.80859375;0.82421875;0.03125;0.8515625
0.953125;0.7421875;0.03515625;0.2578125;0.765625;0.828125;0.08984375;0.17578125;0.60546875;0.77734375;0.23046875;0.07421875;1.1953125;1.1640625;0.41796875;0.30078125
0.51171875;0.296875;0.171875;0.22265625;0.234375;0.015625;0.046875;0.265625;0.05078125;0.3046875;0.05859375;0.50390625;0.3359375;0.0625;0.25;0.25390625
0.08984375;0.35546875;0.46484375;0.46484375;0.6640625;0.15625;0.515625;0.51171875;0.734375;0.1796875;0.828125;0.42578125;0.5234375;0.49609375;0.76953125;0.703125
0.2890625;0.125;0.125;0.484375;0.16015625;0.08984375;0.0234375;0.39453125;0.35546875;0.27734375;0.078125;0.33984375;0.61328125;0.1328125;0.24609375;0.56640625
0.28515625;0.421875;0.44140625;0.3046875;0.0703125;0.125;0.48828125;0.26171875;0.44921875;0.10546875;0.55078125;0.40234375;0.359375;0.3984375;0.3125;0.26953125
0.0078125;0.5078125;0.18359375;0.51953125;0.15234375;0.57421875;0.10546875;0.8125;0.1953125;0.5;0.09765625;0.73046875;0.2421875;0.19140625;0.2734375;0.35546875
0.20703125;0.109375;0.0859375;0.87890625;0.13671875;1.0078125;0.5859375;0.19921875;0.36328125;0.41015625;0.203125;0.328125;0.171875;0.625;0.1953125;0.47265625
0.1796875;0.67578125;0.56640625;0.078125;0.5859375;0.05078125;0.66796875;0.390625;0.46484375;0.62890625;0.33984375;0.421875;0.2421875;0.359375;0.37109375;0.41796875
0.35546875;0.01953125;0.63671875;0.1640625;0.52734375;0.1171875;0.14453125;0.5234375;0.484375;0.17578125;0.5390625;0.30078125;0.7734375;0.1171875;0.34765625;0.31640625
0.234375;0.1484375;0.3515625;0.3203125;0.49609375;0.08984375;0.37109375;1.2109375;0.3828125;0.3359375;0.234375;1.02734375;0.63671875;0.1484375;0.26171875;0.5
1.23828125;0.31640625;0.55859375;0.5390625;1.15234375;0.10546875;0.578125;0.54296875;0.9609375;0.0859375;0.515625;0.3125;0.484375;0;0.26953125;0.0234375
0.45703125;1.0625;0.23046875;0.3046875;0.68359375;0.921875;0.359375;0.48046875;0.41796875;1;0.07421875;0.25390625;0.16796875;0.265625;0.140625;0.015625
0.62109375;0.13671875;0.13671875;0.3203125;0.43359375;0.52734375;0.4375;0.1328125;0.0078125;0.3359375;0.09375;0.0546875;0.703125;0.96875;0.02734375;0.55859375
0.59765625;1.23046875;0.14453125;0.2109375;0.3125;0.734375;0.53515625;0.03125;0.15625;0.32421875;0.01953125;0.0703125;0.01171875;0.47265625;0.015625;0.0703125
0.0703125;0.0859375;0.6328125;0.19140625;0.46875;0.21484375;1.00390625;0.78125;0;0.515625;0.6015625;0.51953125;0.8828125;0.21484375;0.91015625;1.3203125
0.15234375;0.02734375;0.078125;0.09765625;0.04296875;0.29296875;0.42578125;0.0703125;0.3671875;0.01171875;0.33984375;0.25;0.07421875;0.125;0.08203125;0.08984375
0.2734375;1.53515625;0.76953125;0.265625;0.70703125;1.78125;0.80859375;0.0390625;0.08203125;1.359375;0.73828125;0.19140625;0.94921875;2.31640625;1.1171875;0.03515625
0.05859375;0.90234375;0.54296875;0.0625;0.0546875;0.64453125;0.5625;0.2734375;0.1640625;0.7265625;0.62109375;0.265625;0.01953125;0.54296875;0.38671875;0.08984375
0.26953125;0.35546875;0.09375;0.046875;0.2890625;0.18359375;0.09375;0.0625;0.12890625;1.046875;0.14453125;0.13671875;0.45703125;0.92578125;0.20703125;0.20703125
0.34765625;0.6171875;0.859375;0.203125;0.12109375;0.44140625;0.54296875;0.16015625;0.2265625;0.86328125;0.8984375;0.27734375;0.25;0.8984375;0.859375;0.23046875
0.52734375;0.62890625;0.046875;0.8046875;0.546875;0.15625;0.0390625;0.4609375;0.40625;0.4765625;0.55078125;0.91015625;0.3515625;0.6328125;0.0625;0.7734375
0.27734375;0.640625;0.1875;0.67578125;0.484375;0.50390625;0.05859375;0.8359375;0.6953125;0.51953125;0.01171875;0.87109375;0.1484375;0.109375;0.01953125;0.26953125
1.03515625;0.10546875;0.078125;0.73828125;0.87890625;0.046875;0.5;0.18359375;1.18359375;0.0859375;0.08203125;0.37890625;0.81640625;0.18359375;0.17578125;0.38671875
0.0546875;0.25;0.32421875;0.37109375;0.19921875;0.12890625;0.31640625;0.7734375;0.171875;0.3515625;0.2734375;0.5546875;0.25;0.07421875;0.53515625;0.49609375
0.1875;0.32421875;0.19140625;0.33203125;0.2734375;0.37109375;0.56640625;0.875;0.19921875;0.38671875;0.06640625;0.22265625;0;0.1640625;0.0703125;0.4921875
0.42578125;0.078125;0.453125;0.18359375;0.59765625;0.07421875;0.40234375;0.06640625;0.375;0.328125;0.0546875;0.1171875;0.26171875;0.16015625;0.27734375;0.31640625
0.55078125;0.0390625;0.609375;0.35546875;0.65625;0.56640625;0.80859375;0.37890625;0.40625;0.56640625;0.69921875;0.375;0.1796875;0.24609375;0.2265625;0.16796875
0.09765625;0.5234375;0.88671875;0.83984375;0.15625;0.484375;0.09765625;0.90625;0.0390625;0.4296875;0.3984375;0.56640625;0.1015625;0.0078125;0.2421875;0.125
0.796875;0.078125;0.4453125;0.61328125;0.2265625;0.234375;0.328125;0.921875;0.13671875;0.25390625;0.05078125;0.26171875;0.71484375;0.36328125;0.7890625;0.890625
0.3203125;0.11328125;0.12890625;0.2734375;0.6796875;0.02734375;0.11328125;0.20703125;0.265625;0.21484375;0.08984375;0.0546875;0.33203125;0.16015625;0.2109375;0
0.390625;0.33203125;0.01953125;0.2578125;1.01171875;0.6953125;0.48828125;0.515625;0.2890625;0.12109375;0.63671875;0.4296875;0.92578125;0.3671875;0.30859375;0.9453125
0.73828125;0.18359375;0.01171875;0.125;1.1328125;0.04296875;0.109375;0.50390625;0.546875;0.15234375;0.07421875;0.046875;1.05859375;0.1640625;0.6015625;0.14453125
0.03125;0.46875;0.0234375;0.703125;0.40625;0.3046875;0.14453125;1.05078125;0.07421875;0.546875;0.41015625;0.66796875;0.44921875;0.203125;0.25;1.3203125
0.15234375;0.13671875;0.484375;0.0546875;0.24609375;0.09375;0.2578125;0.19140625;0.48828125;0.48828125;0.04296875;0.0546875;0.17578125;0.203125;0.265625;0
0.2265625;0.4921875;0.16796875;0.0625;0.44140625;0.47265625;0.2421875;0.11328125;0.41015625;0.28515625;0.6953125;0.05859375;0.44140625;0.61328125;0.33984375;0.15625
0.71875;0.5;0.53515625;0.35546875;0.5546875;0.13671875;0.59375;0.29296875;0.84765625;0.1640625;0.79296875;0.3203125;0.66796875;0.5;0.55859375;0.60546875
0.41796875;0.10546875;0.73046875;0.5703125;0.0625;0.40625;0.6484375;0.34765625;0.671875;0.37109375;1.04296875;0.90234375;0.48046875;0.3671875;0.6484375;0.60546875
0.6953125;0.0859375;0.453125;0.37890625;0.84765625;0.08203125;0.5703125;0.4453125;0.859375;0.23046875;0.6484375;0.4375;0.33203125;0.05859375;0.19140625;0.22265625
1.3359375;0.33984375;0.49609375;0.015625;1.37109375;0.703125;0.9453125;0.02734375;1.59375;0.3515625;0.6328125;0.13671875;1.15625;0.19140625;0.6484375;0.08984375
0.1640625;0.1640625;0.73828125;1.23046875;0.1015625;0.19921875;0.34375;1.2578125;0.03515625;0.03125;0.19140625;0.3515625;0.078125;0.0859375;0.5390625;1.0859375
0.1015625;0.4609375;0.234375;0.26171875;0.6953125;0.44140625;0.2734375;0.46484375;0.015625;0.40625;0.296875;0.16015625;0;0.23828125;0.0390625;0.42578125
0.38671875;0.4140625;0.06640625;0.47265625;0.40234375;0.046875;0.0703125;0.67578125;0.515625;0.0859375;0.3125;0.83984375;0.21875;0.10546875;0.57421875;0.21484375
0.23046875;0.17578125;0.90234375;0.21875;0.359375;0.32421875;1.1328125;0.203125;0.53515625;0.44921875;1;0.30078125;0.3671875;0.25;0.46484375;0.25
1.921875;0.13671875;0.49609375;0.15625;1.578125;0.73046875;0.0859375;0.63671875;1.32421875;0.484375;0.0390625;0.265625;0.5625;0.2109375;0.21875;0.12109375
0.25390625;0.27734375;0.24609375;0.13671875;0.56640625;0.33203125;0.28125;0.1953125;0.25;0.203125;0.0625;0.00390625;0.6875;0.546875;0.07421875;0.24609375
0.83203125;0.32421875;0.234375;0.3125;0.6875;0.4609375;0.37890625;0.5703125;0.2265625;0.3359375;0.1015625;0.03125;0.44140625;0.19140625;0.109375;0.015625
0.1875;0.0390625;0.26953125;0.109375;0.59765625;0.07421875;0.671875;0.01953125;0.44921875;0.375;0.24609375;0.41015625;0.8671875;0.26953125;0.4375;0.1875
0.109375;0.21875;0.25;0.16015625;0.3046875;0.2265625;0.0078125;0.05078125;0.15234375;0.04296875;0.3203125;0.1875;0.1796875;0.57421875;0.27734375;0.09765625
0.4375;0.35546875;0.01171875;0.10546875;0.58984375;0.4140625;0.53515625;0.25390625;0.28515625;0.1484375;0.24609375;0.1796875;0.59375;0.38671875;0.75;0.25390625
0.91015625;0.15234375;0.09765625;0.3515625;0.97265625;0.16796875;0.09375;0.7109375;0.875;0.19140625;0.29296875;0.56640625;0.453125;0.02734375;0.07421875;0.0234375
0.13671875;0.765625;0.65234375;0.09765625;0.33203125;0.9609375;0.9296875;0.14453125;0.5;0.2578125;1.04296875;0.171875;0.37890625;0.85546875;1.16015625;0.078125
0.87890625;0.33984375;0.75390625;0.2578125;0.6171875;0.0703125;0.49609375;0.1328125;0.96484375;0.36328125;0.83984375;0.16796875;0.88671875;0.01953125;0.875;0.11328125
0.28125;0.1796875;0.09765625;0.328125;0.5234375;0.07421875;0.078125;0.234375;0.15234375;0.1171875;0.26953125;0.28515625;0.0078125;0.140625;0.12890625;0.27734375
0.3046875;0.31640625;0.56640625;0.26953125;0.2734375;0.265625;0.546875;0.19140625;0.46875;0.2890625;0.45703125;0.5390625;0.37890625;0.24609375;0.3984375;0.0625
0.15625;0.48828125;0.3046875;0.27734375;0.33984375;0.578125;0.13671875;0.0390625;0.36328125;0.66796875;0.16015625;0.25390625;0.1484375;0.52734375;0.30859375;0.0546875
0.0859375;0.0078125;0.7734375;0.23046875;0.1953125;0.14453125;1.24609375;0.5078125;0.28515625;0.0703125;0.75390625;0.4453125;0.21484375;0.03125;0.76171875;0.16015625
0.38671875;0.015625;0.140625;0.01953125;0.60546875;0.21875;0.11328125;0.38671875;0.484375;0.16796875;0.0859375;0.11328125;0.578125;0.07421875;0.37109375;0.078125
0.89453125;0.4453125;0.5859375;0.57421875;0.98828125;0.02734375;0.32421875;0.0390625;0.890625;0.15234375;0.13671875;0.19140625;0.34375;0.21484375;0.2421875;0.05078125
0.375;1.2265625;0.953125;0.0078125;0.06640625;1.0859375;1.1484375;0.015625;0.046875;0.7734375;0.9609375;0.015625;0.12890625;0.21875;0.32421875;0.078125
0.171875;0.10546875;0.55078125;0.28515625;0.18359375;0.08203125;0.2265625;0.37890625;0.19140625;0.00390625;0.28125;0.37890625;0.1015625;0.0390625;0.17578125;0.16796875
0.2265625;0.15234375;0.15625;0.9453125;0.24609375;0.40625;0.8515625;0.47265625;0.27734375;0.39453125;0.3828125;0.01953125;0.5;0.87109375;0.53125;0.30078125
0.640625;0.22265625;0.61328125;0.21875;0.109375;0.24609375;0.51953125;0.0703125;0.53125;0.26953125;0.13671875;0.046875;0.59765625;0.34375;0.17578125;0.04296875
0.3671875;0.234375;0.58203125;0.03515625;1.19921875;0.37890625;1.171875;0.56640625;0.640625;0.13671875;0.6953125;0.04296875;1.34375;0.609375;0.91796875;0.546875
0.2890625;0.14453125;0.484375;0.5703125;0.02734375;0.09375;0.15625;0.2578125;0.01171875;0.0390625;0.40234375;0.453125;0.27734375;0.0625;0.046875;0.60546875
0.20703125;0.41796875;0.23828125;0.34765625;0.59375;0.3515625;0.19140625;0.62109375;0.03125;0.36328125;0.15234375;0.4765625;0.79296875;0.36328125;0.00390625;1.0859375
0.2890625;0.328125;0.65625;0.2578125;0.29296875;0.46875;0.5078125;0.09375;0.1875;0.578125;0.40625;0.0546875;0.13671875;0.1953125;0.29296875;0.1328125
0.390625;0.171875;0.12109375;0.40234375;0.58984375;0.12109375;0.41015625;0.2578125;0.078125;0.3046875;0.01953125;0.203125;0.4453125;0.35546875;0.0703125;0.37109375
0.08984375;0.14453125;0.03515625;1.01171875;0.05859375;0.078125;0.03515625;0.4921875;0.12109375;0.35546875;0.140625;0.83984375;0.01953125;0.125;0.0859375;0.9375
0.640625;0.76953125;0.64453125;0.06640625;0.296875;0.0234375;0.1328125;0.02734375;0.3125;0.3671875;0.578125;0.24609375;0.52734375;0.74609375;0.6328125;0.140625
0.421875;0.859375;0.45703125;0.9765625;0.74609375;1.171875;0.7265625;1.06640625;1.01171875;1.31640625;1.078125;1.0625;0.23046875;0.6796875;0.25390625;0.33203125
0.234375;0.25;0.4765625;1.015625;0.390625;0.62890625;0.54296875;0.0703125;0.09765625;0.4453125;0.63671875;0.265625;0.05078125;0.484375;0.3671875;0.44921875
0.3515625;0.2578125;0.33984375;0.6015625;0.64453125;0.29296875;0.0859375;0.8359375;0.6328125;0.2421875;0.296875;0.6328125;0.61328125;0.2734375;0.2578125;0.74609375
0.4921875;0.046875;0.3125;0.01953125;0.06640625;0.3203125;0.2421875;0.4296875;0.640625;0.140625;0.54296875;0.12890625;0.3515625;0.3359375;0.22265625;0.02734375
0.1171875;0.08203125;0.1171875;0.50390625;0.234375;0;0.07421875;0.41796875;0.16796875;0.0078125;0.046875;0.66015625;0.3125;0.1171875;0.0390625;0.078125
0.1328125;0.80859375;0.70703125;0.609375;0.38671875;0.87109375;0.50390625;0.63671875;0.44140625;0.6015625;0.43359375;0.3828125;0.2421875;0.13671875;0.15234375;0.03515625
0.140625;1.12109375;0.9921875;0.16796875;0.48828125;1;1.1875;0.734375;0.16015625;0.98046875;0.95703125;0.2421875;0.1015625;0.3671875;0.1953125;0.09375
1.05078125;0.125;0.0625;0.41796875;0.76171875;1.01171875;0.40625;0.203125;0.37109375;0.3671875;0.2109375;0.20703125;1.34375;1.5;0.1640625;0.1015625
0.953125;0.421875;0.47265625;0.1640625;0.84375;0.5703125;0.16796875;0.140625;0.2109375;0.12890625;0.5078125;0.1015625;0.25390625;0.01953125;0.37109375;0.0078125
0.18359375;0.23046875;0.45703125;0.34765625;0.1484375;1.07421875;1.26171875;0.2421875;0.1640625;0.015625;0.61328125;0.6171875;0;1.1328125;1.6953125;0.38671875
0.01953125;0.51171875;0.546875;0.01171875;0.14453125;0.55859375;0.03125;0.12109375;0.08203125;0.4921875;0.609375;0.13671875;0.22265625;0.6796875;0.58203125;0.2265625
0.15625;0.40625;0.87109375;0.6328125;0.12890625;0.35546875;1.140625;0.5625;0.2890625;0.515625;0.54296875;0.4296875;0.31640625;0.515625;1.32421875;0.46875
0.1875;0.4765625;0.0703125;0.58203125;0.3359375;0.31640625;0.12109375;0.7421875;0.37109375;0.18359375;0.2734375;0.640625;0.10546875;0.3046875;0.05078125;0.27734375
0.09765625;0.57421875;0.01171875;0.2421875;0.09375;0.90234375;0.046875;0.7109375;0.3046875;0.73046875;0.05859375;0.3515625;0.08203125;0.70703125;0.0859375;0.47265625
0.578125;0.09375;0.45703125;0.234375;0.25390625;0.1015625;0.19140625;0.04296875;0.50390625;0.08984375;0.328125;0.26171875;0.453125;0.0390625;0.23828125;0.08984375
0.671875;0.1015625;0.3828125;0.49609375;0.47265625;0.078125;0.3671875;0.4375;1.31640625;0.12109375;0.5859375;0.046875;0.76953125;0.05859375;0.2734375;0.28515625
0.53515625;0.4375;0.1015625;0.640625;0.56640625;1.15625;0.5390625;0.546875;0.765625;1.41796875;1.01171875;0.43359375;0.1875;0.63671875;0.32421875;0.24609375
0.03125;0.85546875;0.12890625;0.359375;0.91796875;0.66796875;0.0703125;0.2109375;0.2890625;0.6328125;0.21484375;0.1484375;0.58984375;0.72265625;0.12890625;0.36328125
0.3359375;0.09765625;0.140625;0.45703125;0.0703125;0.2109375;0.48046875;0.60546875;0.1875;0.47265625;0.84765625;0.50390625;0;0.12109375;0.19140625;0.57421875
0.58203125;0.7578125;0.421875;0.578125;0.15234375;0.55078125;0.10546875;0.1328125;0.6328125;0.9140625;0.35546875;0.359375;0.5703125;0.78515625;0.21875;0.1171875
0.484375;0.3359375;0.99609375;0.31640625;0.05078125;0.03515625;1.484375;1.15234375;0.0625;0.58203125;1.328125;1.2265625;0.09375;0.09375;1;0.80859375
0.2109375;0.09375;0.1640625;0.6953125;0.55078125;0.29296875;0.37109375;0.453125;0.4765625;0.21875;0.4375;0.31640625;0.21875;0.03125;0.19140625;0.0546875
0.7265625;0.6171875;0.76171875;0.16015625;0.00390625;0.73046875;0.6015625;0.33203125;0.23828125;0.78125;0.4296875;0.34375;0.21875;0.31640625;0.16015625;0.01953125
0.08984375;0.37109375;0.1640625;0.234375;0.34375;0.07421875;0.30078125;0.9140625;0.12109375;0.23046875;0.17578125;0.328125;0.6875;0.0078125;0.28125;0.46875
0.890625;0.1015625;0.9609375;0.828125;0.65234375;0.1171875;0.51171875;0.2421875;0.01953125;0.12109375;0.375;0.10546875;0.01171875;0.15234375;0.44921875;0.171875
0.24609375;0.015625;0.0703125;0.15625;1.125;0.0390625;0.41796875;0.15625;0.44140625;0.09375;0.05859375;0.296875;1.5234375;0.09375;0.2109375;0.03125
0.28125;0.52734375;0.62109375;0.60546875;0.48828125;0.5859375;0.80859375;0.34375;0.41796875;0.453125;0.578125;0.765625;0.703125;0.93359375;0.42578125;0.55078125
0.42578125;0.75390625;0.2734375;0.421875;0.53125;1.33203125;0.11328125;0.4765625;0.16796875;0.69921875;0.203125;0.33203125;0.54296875;1.6640625;0.109375;0.546875
0.49609375;0.0546875;0.31640625;0.859375;0.20703125;0.26171875;0.51953125;0.71484375;0.14453125;0.015625;0.67578125;0.57421875;0.28515625;0.17578125;0.109375;0.4296875
0.7421875;0.46875;0.21484375;0.18359375;1.12109375;0.25390625;0.0390625;0.1796875;0.66015625;0.4921875;0.15234375;0.76953125;0.96875;0.82421875;0.0625;0.546875
0.50390625;0.203125;0.1484375;0.17578125;0.44921875;0.1328125;0.078125;0.0546875;0.5703125;0.12890625;0.015625;0.01171875;0.44140625;0.12109375;0.00390625;0.08984375
0.484375;0.48828125;0.27734375;0.47265625;0.0234375;0.2109375;0.05078125;0.453125;0.640625;0.171875;0.28515625;0.80859375;0.5859375;0.3828125;0.31640625;0.43359375
0.35546875;0.07421875;0.3671875;0.23046875;0.140625;0.5078125;0.60546875;0.48828125;0.69921875;0.0625;1.03125;0.3203125;0.5;1.22265625;0.546875;1.54296875
0.1953125;0.79296875;1.08203125;0.69140625;0.265625;0.33203125;0.58203125;0.19140625;0.1171875;0.3359375;0.84765625;0.5703125;0.27734375;0.3203125;1.1015625;0.38671875
0.12109375;0.59375;0.02734375;0.31640625;0.08203125;0.33984375;0.16796875;0.34375;0.08203125;0.359375;0.01171875;0.20703125;0.03125;0.4375;0.16796875;0.3671875
0.83984375;0.59765625;0.5703125;0.72265625;0.4375;0.015625;0.03125;0.55078125;0.3125;0.2578125;0.42578125;0.6015625;0.23828125;0.39453125;0.578125;0.859375
0.3046875;0.16796875;0.4609375;0.20703125;0.69140625;0.21484375;0.7890625;0.0625;0.52734375;0.484375;0.61328125;0.0625;0.71875;0.2265625;0.8359375;0.0703125
0.3515625;0.31640625;0.109375;0.09375;0.62109375;0.97265625;0.3125;0.53515625;1.01953125;0.54296875;0.35546875;0.6328125;0.17578125;0.78515625;0.3984375;0.20703125
0.3671875;0.21875;0.4765625;0.34765625;0.2578125;0.1015625;0.85546875;0.21875;0.19921875;0.2421875;0.41015625;0.48046875;0.578125;0.4296875;0.54296875;0.48828125
0;0.03515625;0.44140625;0.58984375;0.01953125;0.078125;0.453125;0.33984375;0.046875;0.00390625;0.4375;0.74609375;0.15234375;0.03125;0.48046875;0.66796875
0.74609375;0.04296875;1.12109375;0.10546875;0.75;0.609375;1.21484375;0.2890625;0.671875;0.07421875;0.94921875;0.046875;0.5859375;0.4453125;1.07421875;0.48046875
0.2734375;0.16015625;0.265625;0.45703125;0.5546875;0.31640625;0.26171875;0.890625;0.4140625;0.28515625;0.26171875;0.61328125;0.8203125;0.05859375;1.0390625;0.23828125
0.1171875;0.0390625;0.2421875;0.359375;0.15234375;0.04296875;0.37109375;0.40234375;0.046875;0.16015625;0.06640625;0.66796875;0.3203125;0.54296875;0.27734375;0.5859375
0.26953125;0.11328125;0.15625;0.65234375;0.80859375;0.02734375;0.08203125;0.765625;0.28125;0.04296875;0.03515625;0.48046875;0.13671875;0.51171875;0.0234375;0.125
0.44140625;0.1875;0.23828125;0.484375;0.80859375;0.36328125;0.0625;0.7265625;0.609375;0.23828125;0.03515625;0.54296875;0.859375;0.21875;0.3515625;0.83984375
0.109375;0.515625;0.34765625;0.5546875;0.00390625;0.44140625;0.390625;0.8203125;0.10546875;0.359375;0.17578125;0.66796875;0.171875;0.3671875;0.34375;0.6640625
0.17578125;1.14453125;0.5703125;0.58984375;0.015625;0;0.20703125;0.77734375;0.4296875;1.0625;0.3515625;0.765625;0.4609375;0.73046875;0.15625;0.60546875
0.7421875;0.5078125;0.27734375;0.171875;0.20703125;0.1171875;0.1328125;0.3046875;0.36328125;0.04296875;0.30859375;0.05078125;0.83203125;0.66796875;0.38671875;0.05859375
0.1328125;0.2265625;0.4296875;0.11328125;0.625;0.078125;0.03125;0.84375;0.47265625;0.234375;0.1328125;0.65234375;0.21875;0.8671875;0.64453125;0.80078125
0.3359375;0.4296875;0.0859375;0.0703125;0.2578125;0.5703125;0.6640625;0.265625;0.15625;0.5546875;0.37109375;0.2109375;0.27734375;0.49609375;0.59765625;0.2578125
0.55859375;0.05078125;1.01171875;0.7421875;0.06640625;0.3359375;0.5234375;0.21484375;0.14453125;0.08203125;0.28125;0.21875;0.1953125;0.25390625;0.61328125;0.29296875
0.56640625;1.01171875;0.13671875;0.19921875;0.3046875;0.35546875;0.30078125;0.19921875;0.37109375;0.515625;0.21484375;0.11328125;0.44140625;0.484375;0.2109375;0.1484375
0.11328125;0.2578125;0.0859375;0.02734375;0.17578125;0.12890625;0.0546875;0.1796875;0.01953125;0.140625;0.00390625;0.05859375;0.17578125;0.44140625;0.17578125;0.06640625
0.3203125;0.078125;0.00390625;0.375;0.90625;0.8984375;0.2421875;0.015625;0.71484375;0.6328125;0.58984375;0.07421875;0.59765625;0.41015625;0.078125;0.05859375
0.5078125;0.30859375;0.19921875;0.02734375;0.16796875;0.015625;0.37109375;0.1953125;0.08203125;0.0859375;0.34375;0.25;0.51171875;0.140625;0.2890625;0.05078125
0.37890625;0.5;0.53515625;0.49609375;0.5625;0.2421875;0.8046875;0.3125;0.38671875;0.51953125;0.37109375;0.50390625;0.32421875;0.15625;0.90234375;0.26171875
0.44921875;0.02734375;0.80078125;0.609375;0.2109375;0.453125;0.37109375;0.6796875;0.4921875;0.078125;0.6640625;0.59375;0.19921875;0.12890625;0.60546875;0.43359375
0.05078125;0.1640625;0.51953125;0.015625;0.09375;0.2734375;0.66015625;0.00390625;0.01953125;0.06640625;0.3984375;0.06640625;0.02734375;0.0078125;0.44140625;0.01171875
0.8671875;1.21484375;0.59375;0.2265625;0.625;0.68359375;0.16015625;0.36328125;0.67578125;0.69921875;0.00390625;0.765625;0.66796875;0.74609375;0.17578125;0.828125
0.390625;0.7734375;0.06640625;0.24609375;0.4609375;0.609375;0.14453125;0.21875;0.01171875;0.44140625;0.29296875;0.484375;0.49609375;0.953125;0.73828125;0.48828125
0.3671875;0.2578125;0.0859375;0.11328125;0.4140625;0.22265625;0.0546875;0.3203125;0.2421875;0.00390625;0.01171875;0.27734375;0.03125;0.421875;0.12109375;0.50390625
0.6171875;0.13671875;0.94140625;0.453125;0.84765625;0.16796875;0.5390625;0.4375;0.7265625;0.08203125;0.7734375;0.15234375;0.6171875;0.234375;0.65234375;0.63671875
0.703125;0.1953125;0.3828125;0.66796875;0.1171875;0.62890625;0.02734375;0.61328125;0.86328125;0.2734375;0.35546875;0.75;0.75390625;0.23046875;0.21875;0.66015625
0.04296875;0.140625;0.484375;0.28515625;0.06640625;0.29296875;0.28515625;0.2109375;0.40234375;0.15625;0.3671875;0.296875;0.19921875;0.328125;0.453125;0.3203125
0.0390625;0.00390625;0.1640625;0.265625;0;0.74609375;0.359375;0.6171875;0.09765625;0.51953125;0.0078125;0.625;0.140625;0.31640625;0.07421875;0.42578125
0.375;0.36328125;0.30078125;0.5390625;0.234375;0.12890625;0.1875;0.08203125;0.55078125;0.57421875;0.1796875;0.0078125;0.2734375;0.69921875;0.3671875;0.265625
0.671875;0.1953125;0.8125;0.26953125;0.25390625;0.09765625;0.3125;0.328125;0.18359375;0.34375;0.3359375;0.01953125;0.28515625;0.12109375;0.49609375;0.16796875
1.05859375;0.26953125;0.17578125;0.40234375;0.6640625;0.02734375;0.0703125;0.19921875;0.59765625;0.015625;0.23046875;0.06640625;0.58203125;0.015625;0.40625;0.08984375
0.54296875;0.15625;0.2578125;0.59765625;0.328125;0.2109375;0.33203125;1.0625;0.59375;0.62890625;0.25390625;0.50390625;0.79296875;0.6640625;0.4140625;0.90625
0.671875;0.2734375;0.26171875;0.0234375;1.21484375;0.24609375;0.5234375;0.61328125;1.22265625;0.01953125;0.8046875;0.32421875;0.578125;0.21875;0.11328125;0.33203125
0.39453125;0.4375;0.27734375;0.12109375;0.73046875;0.1875;0.0859375;0.40234375;0.41796875;0.453125;0.26171875;0.19140625;0.48828125;0.8125;0.140625;0.23046875
0.4296875;0.50390625;0.07421875;0.22265625;0.5078125;0.61328125;0.0703125;0.43359375;0.484375;0.36328125;0.16796875;0.20703125;0.4609375;0.3046875;0.42578125;0.2109375
0.98828125;0.55859375;0.08203125;0.08984375;0.625;0.859375;0.15234375;0.24609375;0.8671875;0.51953125;0.16796875;0.015625;0.44921875;0.65625;0.04296875;0.3046875
0.484375;0.62890625;0.25;0.80078125;0.65625;0;0.46875;1.1015625;0.5234375;0.43359375;0.2578125;0.79296875;0.76171875;0.234375;1.125;1.3359375
0.51953125;0.26171875;0.73046875;0.21875;0.26953125;0.16796875;0.00390625;0.140625;0.07421875;0.01953125;0.01171875;0.03125;0.2578125;0.1640625;0.3984375;0.20703125
0.4921875;1.7109375;0.8671875;0.08203125;0.7578125;1.5703125;0.61328125;0.046875;0.80859375;0.9453125;0.15625;0.4921875;0.70703125;1.515625;0.67578125;0.26171875
0.12109375;0.765625;0.08984375;0.39453125;0.1875;1.09375;0.4609375;0.29296875;0.0625;0.6328125;0.41015625;0.234375;0.0390625;0.40625;0.9140625;0.23046875
0.140625;0.671875;0.22265625;0.19921875;0.09765625;0.63671875;0.19140625;0.30859375;0.203125;0.80078125;0.09765625;0.05078125;0.22265625;0.7578125;0.17578125;0.23828125
0.45703125;0.93359375;0.61328125;0.01171875;0.1796875;0.22265625;0.69140625;0.1953125;0.22265625;1.0078125;0.66015625;0.12109375;0.05078125;0.85546875;0.51953125;0.15234375
0.5078125;0.32421875;0.14453125;0.50390625;0.359375;0.2109375;0.171875;0.4609375;0.3515625;0.47265625;0.46484375;0.81640625;0.39453125;0.5078125;0.03515625;0.6484375
0.421875;0.3203125;0.2109375;0.21484375;0.2421875;0.8125;0.42578125;0.89453125;0.265625;0.46484375;0.109375;0.6640625;0.71484375;0.5546875;0.15625;0.6796875
0.7734375;0.60546875;0.3828125;0.359375;0.86328125;0.30078125;0.1015625;0.25;0.87109375;0.23046875;0.12109375;0.0859375;1.08984375;0.1640625;0.12109375;0.2578125
0.328125;0.29296875;0.4375;1;0.13671875;0.12890625;0.36328125;0.3671875;0.09375;0.04296875;0.046875;0.16015625;0.0390625;0.08984375;0.21484375;0.40625
0.08203125;0.06640625;0.44140625;0.43359375;0.2578125;0.45703125;0.1796875;0.2890625;0.0390625;0.05859375;0.03125;0.375;0.01953125;0.05859375;0.17578125;0.41015625
0.35546875;0.22265625;0.21875;0.2265625;0.3125;0.16015625;0.0390625;0.16796875;0.203125;0.4375;0.296875;0.07421875;0.0703125;0.33203125;0.03515625;0.0625
0.1875;0.125;0.37890625;0.4609375;0.671875;0.0078125;0.5703125;0.25;0.12109375;0.57421875;0.58984375;0.1484375;0.70703125;0.24609375;0.31640625;0.26953125
0.00390625;0.59375;0.91796875;0.4140625;0.30078125;0.68359375;0.58203125;0.81640625;0.11328125;0.37109375;0.78515625;0.62890625;0.0234375;0.82421875;0.8984375;0.5546875
0.3828125;0.26953125;0.4296875;0.6171875;0.6875;0.18359375;0.4296875;0.70703125;0.375;0.26171875;0.51953125;0.56640625;0.55859375;0.03515625;0.12109375;0.84375
0.484375;0.32421875;0.1953125;0.0078125;0.078125;0.12890625;0.04296875;0.125;0.609375;0.2890625;0.23046875;0.01171875;0.1171875;0.19140625;0.1484375;0.00390625
0.17578125;0.16796875;0.12890625;0.8359375;0.4765625;0.0234375;0.23828125;0.84765625;0.3046875;0.05859375;0.01171875;0.7421875;0.9140625;0.42578125;0.12890625;0.9921875
0.00390625;0.17578125;0.68359375;0.1640625;0.73046875;0.00390625;0.12109375;0.38671875;0.84765625;0.21484375;0.51171875;0.08984375;0.609375;0.2890625;0.72265625;0.22265625
0.50390625;0.66015625;0.39453125;1.203125;0.546875;0.34375;0.01953125;1.078125;0.83203125;0.171875;0.16015625;0.625;0.640625;0.03125;0.5625;0.8359375
0.08203125;0.00390625;0.4375;0.15625;0.23828125;0.3046875;0.390625;0.02734375;0.2578125;0.1328125;0.2421875;0.1171875;0.484375;0.29296875;0.09765625;0.21875
0.6328125;0.4375;0.7109375;0.3515625;0.28125;0.2734375;0.42578125;0.04296875;0.359375;0.08984375;0.85546875;0.296875;0.40625;0.5;0.30859375;0.109375
0.40234375;0.82421875;0.07421875;0.6484375;0.55859375;0.51171875;0.5703125;0.4609375;0.42578125;0.609375;0.3203125;0.84375;0.34765625;0.35546875;0.39453125;0.8359375
0.13671875;0.1796875;0.578125;0.359375;0.14453125;0.203125;0.56640625;0.3984375;0.53125;0.1953125;0.921875;0.796875;0.35546875;0.19921875;0.60546875;0.5
0.6875;0.0234375;0.01953125;0.2890625;0.70703125;0.07421875;0.66796875;0.45703125;0.6796875;0.0625;0.47265625;0.38671875;0.6796875;0.23828125;0.4921875;0.3984375
0.98046875;0.0859375;0.23046875;0.578125;1.1171875;0.4296875;0.296875;0.24609375;1.203125;0.58984375;0.4765625;0.296875;1.56640625;0.5390625;0.78125;0.17578125
0.109375;0.203125;0.28125;0.96875;0.07421875;0.09375;0.234375;0.64453125;0.140625;0.07421875;0.046875;0.265625;0.14453125;0.171875;0.40625;0.97265625
0.10546875;0.109375;0.02734375;0.31640625;0.33203125;0.1953125;0.34375;0.24609375;0.046875;0.11328125;0.0390625;0.24609375;0.16796875;0.1796875;0.01171875;0.37109375
0.26953125;0.0703125;0.2890625;0.34375;0.4921875;0.1484375;0.32421875;0.80078125;0.5546875;0.19140625;0.11328125;0.65625;0.609375;0.1171875;0.40234375;0.79296875
0.66015625;0.0859375;0.515625;0.37890625;0.05078125;0.2109375;0.87890625;0.125;0.39453125;0.37109375;1.0625;0.4375;0.09765625;0.28515625;0.4140625;0.00390625
1.1875;0.1640625;0.1875;0.3515625;1.3828125;0.03125;0.21875;0.0078125;1.41015625;0.06640625;0.52734375;0.23046875;1.41796875;0.0078125;0.0234375;0.25
0.41015625;0.2265625;0.08984375;0.140625;0.52734375;0.03515625;0.08984375;0.08984375;0.2890625;0.26953125;0.125;0.203125;0.4765625;0.25;0.3828125;0.046875
0.0703125;0.953125;0.00390625;0.06640625;0.39453125;0.3203125;0.41796875;0.34765625;0.16015625;0.94140625;0.0234375;0.015625;0.203125;0.18359375;0.2265625;0.11328125
0.41015625;0.41015625;0.09375;0.31640625;0.67578125;0.40234375;0.125;0.03515625;0.42578125;0.26953125;0.015625;0.29296875;0.9453125;0.42578125;0.45703125;0.046875
0.625;1.06640625;0.1640625;0.8359375;0.1015625;0.44921875;0.0625;0.44921875;0.1015625;0.4375;0.21484375;0.015625;0.09765625;0.5390625;0.44921875;0.14453125
0.62109375;0.35546875;0.5859375;0.421875;0.6640625;0.49609375;0.54296875;0.296875;0.46875;0.33984375;0.9453125;0.0625;0.34375;0.1328125;1.0234375;0.125
0.96484375;0.328125;0.0859375;0.9765625;1.0546875;0.30859375;0.15234375;0.61328125;0.84765625;0.16796875;0.078125;0.59765625;0.9296875;0.04296875;0.30859375;0.609375
0.265625;0.72265625;1.37109375;0.109375;0.56640625;0.37109375;0.71875;0.25390625;0.43359375;0.05859375;0.84375;0.21875;0.4140625;0.79296875;1.0078125;0.09765625
0.71875;0.078125;0.84375;0.15234375;0.69140625;0.00390625;0.4296875;0.19921875;0.703125;0.453125;0.8515625;0.03515625;0.5625;0.59765625;0.67578125;0.03515625
0.296875;0.0546875;0.1640625;0.26953125;0.3515625;0.15234375;0.02734375;0.21484375;0.25390625;0.265625;0.11328125;0.26953125;0.05859375;0.03125;0.2265625;0.2734375
0.40234375;0.0390625;0.08203125;0.4765625;0.6484375;0.44921875;0.78515625;0.57421875;0.0546875;0.3046875;0.61328125;0.1953125;0.20703125;0.24609375;0.30859375;0.53515625
0;0.65234375;0.32421875;0.203125;0.4609375;0.21875;0.55859375;0.14453125;0.3125;0.59375;0.19921875;0.11328125;0.3671875;0.6953125;0.0546875;0.16015625
0.26953125;0.01953125;1.2109375;0.4609375;0.23828125;0.0078125;0.58984375;0.25390625;0.203125;0.0546875;0.3984375;0.4140625;0.20703125;0.10546875;0.82421875;0.38671875
0.65625;0.2265625;0.70703125;0.2109375;0.03125;0.2890625;0.4296875;0.109375;0.2578125;0.06640625;0.23046875;0.05859375;0.3515625;0.10546875;0.1796875;0.03515625
0.41015625;0.21484375;0.25;0.0078125;1.0703125;0.24609375;0;0.26953125;0.734375;0.31640625;0.15234375;0.6171875;1.11328125;0.3515625;0.0234375;0.73828125
0.3046875;0.546875;0.4921875;0.1953125;0.3203125;1.28515625;0.93359375;0.01953125;0.24609375;0.640625;1.01171875;0.2578125;0.2265625;0.94140625;0.40234375;0.2890625
0.140625;0.47265625;0.578125;0.25;0.171875;0.4609375;0.515625;0.171875;0.3515625;0.06640625;0.50390625;0.140625;0.06640625;0.49609375;0.5546875;0.3828125
0.37890625;0.4375;0.46484375;0.33984375;0.2578125;0.40625;0.1640625;0.53515625;0.45703125;0.3359375;0.5859375;0.3828125;0.00390625;0.04296875;0.28125;0.91015625
0.80078125;0.54296875;0.65625;0.06640625;0.3046875;0.05859375;0.36328125;0.3203125;0.6953125;0.5078125;0.671875;0.04296875;0.50390625;0.0859375;0.15234375;0.3515625
0.55859375;0.49609375;0.078125;0.01953125;1.1328125;0.35546875;0.609375;0.23046875;0.7421875;0.41015625;0.2265625;0.1015625;1.2421875;0.6640625;0.9921875;0.51171875
0.1796875;0.30859375;0.34765625;0.1796875;0.28515625;0.27734375;0.203125;0.12890625;0.33203125;0.01953125;0.00390625;0.5625;0.4140625;0.046875;0.21484375;0.7578125
0.3515625;0.421875;0.1171875;0.47265625;0.62109375;0.3203125;0.3671875;0.37890625;0.671875;0.046875;0.09765625;0.484375;0.5546875;0.16015625;0.5078125;1.05078125
0.41015625;0.3359375;0.65234375;0;0.31640625;0.41796875;0.76171875;0.19921875;0.28125;0.4140625;0.44921875;0.04296875;0.19140625;0.71484375;0.26171875;0.07421875
0.16796875;0.4765625;0.390625;0.10546875;0.375;0.19921875;0.04296875;0.0390625;0.125;0.25390625;0.0625;0.55078125;0.4765625;0.1484375;0.1015625;0.2890625
0.20703125;0.03125;0.15234375;1.15234375;0.11328125;0.171875;0.30078125;0.67578125;0.2265625;0.04296875;0.21875;0.84765625;0.23828125;0.12109375;0.234375;0.50390625
0.44140625;0.3984375;0.3984375;0.01953125;0.1953125;0.2265625;0.109375;0.16796875;0.31640625;0.16796875;0.30078125;0.265625;0.515625;0.7265625;0.64453125;0.0625
0.65234375;0.26171875;0.3828125;0.16796875;0.37890625;1.1875;0.58203125;1.42578125;0.44140625;0.9765625;0.4453125;0.97265625;0.9453125;1.046875;1.09375;0.86328125
0.2578125;0.53515625;0.046875;0.40625;0.28515625;0.16015625;0.671875;0.03515625;0.21484375;0.54296875;0.40625;0.1953125;0.22265625;0.55859375;0.5703125;0.1328125
0.50390625;0.359375;0.33203125;0.8515625;0.55859375;0.234375;0.0078125;0.58984375;0.26953125;0.16015625;0.19921875;0.3203125;0.453125;0.21484375;0.05859375;0.58203125
0.47265625;0.5234375;0.38671875;0.0625;0.0078125;0.625;0.29296875;0.421875;0.19921875;0.28515625;0.07421875;0.08984375;0.23828125;0.33203125;0.03515625;0.16796875
0.1953125;0.12890625;0.02734375;0.12109375;0.03125;0.03125;0.01953125;0.63671875;0.2109375;0.0390625;0.00390625;0.75;0.01171875;0.09765625;0.16015625;0.91015625
0.015625;0.23828125;0.37109375;0.046875;0.13671875;0.875;0.625;0.71484375;0.30859375;0.55859375;0.69921875;0.37109375;0.17578125;0.5390625;0.1875;0.4375
0.1796875;0.921875;0.5;0.21484375;0.625;0.86328125;0.69921875;0.8515625;0.23828125;0.765625;0.5546875;0.2578125;0.1640625;1.19140625;0.859375;0.23046875
0.9453125;0.71875;0.20703125;0.00390625;0.8671875;0.76171875;0.03125;0.00390625;1.09375;0.61328125;0.22265625;0.16796875;0.5078125;0.39453125;0.1953125;0.01953125
0.60546875;0.40234375;1.171875;0.10546875;0.79296875;0.34765625;0.40625;0.1015625;0.5625;0.33203125;0.9765625;0.1640625;0.4765625;0.0859375;0.60546875;0.14453125
0.2109375;0.203125;0.78125;0.44921875;0.4375;0.43359375;1.08984375;0.4609375;0.3046875;0.2890625;0.75390625;0.33203125;0.28125;1.15625;1.859375;0.6171875
0.01953125;0.33984375;0.41796875;0.69140625;0.0078125;0.5;0.07421875;0.32421875;0.15234375;0.59375;0.4765625;0.1875;0.10546875;0.59765625;0.93359375;0.2578125
0.21484375;0.52734375;1.0859375;0.7734375;0.05859375;0.20703125;1.19921875;0.7109375;0.14453125;0.16796875;0.60546875;0.109375;0.2734375;0.2734375;0.59375;0.0234375
0.0703125;0.328125;0.0234375;0.6640625;0.12890625;0.40234375;0.1796875;0.6953125;0.23046875;0.28515625;0.10546875;0.6015625;0.62109375;0.19140625;0.2734375;0.78125
0.15234375;1.18359375;0.1796875;0.53125;0.359375;0.61328125;0.046875;0.52734375;0.515625;0.828125;0.05078125;0.28515625;0.046875;0.69921875;0.046875;0.55078125
0.36328125;0.125;0.2578125;0.1015625;0.4453125;0.10546875;0.328125;0.01171875;0.19140625;0.19140625;0.02734375;0.14453125;0;0.171875;0.1328125;0.265625
0.54296875;0.12890625;0.2578125;0.36328125;0.4375;0.01171875;0.25;0.3671875;0.9765625;0.09765625;0.4765625;0.25390625;0.7734375;0.08203125;0.29296875;0.23828125
0.4609375;0.73046875;0.3203125;0.2578125;0.6328125;0.3203125;0.203125;1.07421875;0.34765625;0.6875;0.08984375;0.63671875;0.88671875;1.05078125;0.8984375;0.2890625
0.55859375;0.63671875;0.2890625;0.65234375;0.125;0.12109375;0.359375;0.1875;0.62109375;0.3828125;0.18359375;0.2421875;0.62109375;0.6640625;0.18359375;0.203125
0.23828125;0.09765625;0.125;0.59765625;0.0546875;0.2421875;0.42578125;0.46484375;0.0859375;0.23828125;0.50390625;0.24609375;0.14453125;0.12109375;0.328125;0.4375
0.515625;0.83203125;0.11328125;0.265625;0.09765625;0.04296875;0.08203125;0.01171875;0.26171875;0.33203125;0.16796875;0.09375;0.42578125;0.52734375;0.2734375;0.2890625
0.125;0.203125;0.96484375;0.86328125;0.21875;0.3828125;1.40234375;1.04296875;0.26171875;0.83984375;1.41015625;1.10546875;0.3828125;0.625;2;1.42578125
0.04296875;0.3046875;0.08203125;0.22265625;0.25390625;0.03125;0.13671875;0.68359375;0.5390625;0.1953125;0.41796875;0.48828125;0;0.2109375;0.29296875;0.34765625
0.640625;0.25390625;0.9296875;0.26953125;0.38671875;0.08203125;1.2421875;0.30859375;0.640625;0.2265625;0.76953125;0.20703125;0.59375;0.515625;0.9765625;0.53515625
0.31640625;0;0.1171875;0.42578125;0.28125;0.17578125;0.19140625;0.23828125;0.359375;0.00390625;0.02734375;0.484375;0.03125;0.3671875;0.171875;0.55078125
0.5234375;0.09765625;0.67578125;0.47265625;0.7578125;0.078125;0.67578125;0.58984375;0.49609375;0.1015625;0.63671875;0.37109375;0.4140625;0.07421875;0.578125;0.5
0.65625;0.2734375;0.3046875;0.109375;1.09375;0.2578125;0.0859375;0.125;0.75;0.26171875;0.18359375;0.02734375;1.515625;0.0078125;0.22265625;0.0546875
0.91015625;0.22265625;0.359375;0.53515625;0.65625;0.375;0.62890625;0.5859375;0.57421875;0.76953125;0.30859375;0.45703125;0.6484375;0.85546875;0.03515625;0.65625
0.56640625;1.46875;0.109375;0.60546875;0.65234375;1.4140625;0.046875;0.48828125;0.21484375;1.06640625;0.10546875;0.04296875;0.07421875;1.15234375;0.02734375;0.13671875
0.39453125;0.30078125;0.421875;0.8203125;0.5625;0.125;0.5390625;0.98828125;0.23046875;0.16796875;0.421875;0.609375;0.1171875;0.1640625;0.7109375;0.43359375
1.05859375;0.6015625;0.03515625;0.43359375;0.7421875;0.109375;0.21484375;0.5703125;0.50390625;0.14453125;0.25;0.69140625;0.92578125;0.59375;0.01171875;0.49609375
0.171875;0.29296875;0.0703125;0.2421875;0.52734375;0.16015625;0.04296875;0.3828125;0.25;0.0234375;0.1640625;0.35546875;0.2421875;0.26953125;0.3046875;0.37109375
0.16796875;0.3828125;0.18359375;0.328125;0.0078125;0.046875;0.234375;0.53515625;0.4609375;0.09375;0.0234375;0.7734375;0.47265625;0.43359375;0.39453125;0.3515625
0.3515625;0.4609375;0.05078125;1.01171875;0.2890625;0.828125;0.18359375;0.4765625;0.3671875;0.20703125;0.265625;0.14453125;0.1015625;0.4609375;0.83203125;0.7890625
0.30859375;0.3828125;0.91796875;0.16015625;0.06640625;0.88671875;1.171875;0.53515625;0.53515625;0.00390625;0.64453125;0.078125;0.25;0.3203125;0.92578125;0.73828125
0.0625;0.43359375;0.3984375;0.4765625;0.046875;0.47265625;0.28125;0.41015625;0.12890625;0.41796875;0.09765625;0.12890625;0.0625;0.44921875;0.09375;0.28515625
0.96875;0.48828125;0.33984375;0.1015625;0.19140625;0;0.14453125;0.75390625;0.26953125;0.1484375;0.26953125;0.55078125;1.03515625;0.375;0.2421875;0.546875
0.078125;0.125;0.30859375;0.05078125;0.47265625;0.30859375;0.5;0.1796875;0.453125;0.05859375;0.67578125;0.06640625;0.66796875;0.046875;0.796875;0.09375
0.48828125;0.74609375;0.1484375;0.0546875;0.3125;0.421875;0.00390625;0.1796875;0.7578125;0.5859375;0.12890625;0.48828125;0.5625;0.578125;0.08984375;0.15625
0.4609375;0.3359375;0.5234375;0.37890625;0.19921875;0.27734375;0.3125;0.55859375;0.3203125;0.12109375;0.83984375;0.1796875;0.1953125;0.17578125;0.4296875;0.453125
0.02734375;0.16796875;0.2734375;0.44140625;0.05078125;0.046875;0.39453125;0.828125;0.09375;0.0390625;0.33203125;0.08203125;0.0859375;0.09375;0.5546875;0.34765625
0.29296875;0.16796875;0.71875;0.19140625;0.36328125;0.109375;0.72265625;0.26953125;1.01953125;0.36328125;1.171875;0.12890625;0.37890625;0.3515625;0.69140625;0.14453125
0.51953125;0.29296875;0.5546875;0.48046875;0.78125;0.3046875;0.515625;0.640625;0.375;0.140625;0.13671875;0.4140625;0.4296875;0.01171875;0.5859375;0.0390625
0.1171875;0.21875;0.21875;0.44140625;0.1484375;0.296875;0.125;0.58203125;0.09375;0.13671875;0.2421875;0.5390625;0.515625;0.609375;0.23828125;0.38671875
0.671875;0.0625;0.12890625;0.33203125;0.20703125;0.421875;0.078125;0.0078125;0.2109375;0.42578125;0;0.328125;0.234375;0.125;0.04296875;0.46484375
0.7421875;0.3984375;0.23828125;0.4375;0.4921875;0.09375;0.33203125;0.640625;0.85546875;0.28515625;0.23046875;0.70703125;0.75390625;0.40234375;0.171875;0.5390625
0.2265625;0.1875;0.02734375;0.515625;0.04296875;0.53125;0.32421875;0.34375;0.30859375;0.265625;0.22265625;0.73828125;0.16796875;0.18359375;0.16015625;0.671875
0.5078125;0.55859375;0.0703125;0.66796875;0.34765625;0.7734375;0.13671875;0.32421875;0.15234375;0.5234375;0.21484375;0.21875;0.640625;1.08203125;0.21484375;1.015625
0.84375;0.01953125;0.015625;0.7109375;1.06640625;0.203125;0.2109375;0.484375;0.7421875;0.66796875;0.375;0.09765625;0.39453125;0.16796875;0.0078125;0.5234375
0.11328125;0.2890625;0.26953125;0.30078125;0.32421875;0.93359375;0.48828125;0.76171875;0.53515625;0.04296875;0.1484375;0.4609375;0.19921875;0.3515625;0.43359375;0.66796875
0.3046875;0.25;0.34765625;0.18359375;0.34765625;0.29296875;0.09375;0.05078125;0.23828125;0.203125;0.42578125;0.265625;0.3125;0.6796875;0.39453125;0.109375
0.55078125;0.60546875;0.6484375;0.36328125;0.11328125;0.37109375;0.50390625;0.140625;0.1796875;0.234375;0.44921875;0.484375;0.22265625;0.0703125;0.4609375;0.3828125
0.2109375;0.75;0.515625;0.40234375;0.54296875;0.5703125;0.2265625;0.16015625;0.421875;0.5703125;0.0390625;0.0546875;0.44921875;0.875;0.30859375;0.34765625
0.37109375;0.4375;0.15234375;0.33203125;0.2109375;0.1953125;0.05859375;0.1328125;0.37109375;0.5078125;0.20703125;0.08984375;0.27734375;0.16796875;0.0859375;0.15234375
0.65625;0.3515625;0.25390625;0.4453125;0.3828125;0.1875;0.06640625;0.1875;0.66015625;0.5703125;0.3828125;0.0859375;0.546875;0.16796875;0.09375;0.26953125
0.25;0.01171875;0.14453125;0.32421875;0.08203125;0.03125;0.30078125;0.21875;0.30078125;0.0546875;0.3359375;0.21875;0.19921875;0.203125;0.4140625;0.37890625
0.64453125;0.26953125;0.83203125;0.0703125;0.29296875;0.1484375;0.21484375;0.171875;0.421875;0.86328125;0.75;0.75;0.8671875;0.08203125;1.0625;0.01171875
0.046875;0.1953125;0.453125;0.3359375;0.2265625;0.24609375;0.79296875;0.1953125;0.18359375;0.29296875;0.40234375;0.8828125;0;0.50390625;0.09375;0.5859375
0.0625;0.13671875;0.03515625;0.22265625;0.109375;0.5703125;0.0625;0.140625;0.046875;0.19921875;0.4140625;0.1171875;0.1171875;0.0078125;0.04296875;0.04296875
0.85546875;1.140625;0.42578125;0.23828125;0.70703125;0.78125;0.1171875;0.73828125;0.84375;1.046875;0.27734375;0.4140625;0.50390625;0.60546875;0.24609375;0.69921875
0.34375;0.3359375;0.09375;0.0625;0.3515625;0.765625;0.65234375;0.234375;0.88671875;1.04296875;0.265625;0.07421875;0.05859375;0.55078125;0.34765625;0.5625
0.0703125;0.28515625;0.078125;0.48828125;0.48828125;0.3515625;0.2109375;0.05859375;0.109375;0.26953125;0.0859375;0.48046875;0.54296875;0.31640625;0.28515625;0.27734375
0.3828125;0.20703125;0.50390625;0.36328125;0.44921875;0.07421875;0.80859375;0.3515625;0.66015625;0.37890625;0.703125;0.6640625;0.44921875;0.19140625;0.234375;0.609375
0.5078125;0.41015625;0.109375;0.4140625;0.16015625;0.0859375;0.14453125;0.2890625;0.12109375;0.16796875;0.09375;0.26171875;0.46484375;0.55078125;0.2109375;0.3203125
0.19140625;0.015625;0.359375;0.20703125;0.56640625;0.171875;0.5;0.31640625;0.078125;0.28125;0.48828125;0.328125;0.08203125;0.24609375;0.26171875;0.171875
0.0234375;0.3984375;0.2109375;0.79296875;0.234375;0.3671875;0.33203125;0.75;0.0390625;0.61328125;0.17578125;0.8828125;0.01953125;0.328125;0.3828125;0.1640625
0.1484375;0.60546875;0.265625;0.39453125;0.1328125;0.53515625;0.1484375;0.671875;0.3359375;0.59375;0.45703125;0.12890625;0.72265625;0.015625;0.3515625;0.26953125
0.1953125;0.76171875;0.59375;0.15625;0.140625;0.265625;0.5;0.03515625;0.33984375;0.07421875;0.54296875;0.046875;0.25;0.20703125;0.54296875;0.04296875
0.921875;0.0625;0.2265625;0.3203125;0.578125;0.36328125;0.3515625;0.015625;0.5625;0.2109375;0.2421875;0.1015625;1.1328125;0.19921875;0.0546875;0.19921875
0.796875;0.33984375;0.36328125;0.19140625;0.5078125;0.26953125;0.18359375;0.65234375;0.7734375;0.4296875;0.43359375;0.7890625;0.26171875;0.01953125;0.37109375;1.18359375
1.046875;0.69140625;0.18359375;0.33984375;0.55859375;0.15234375;0.23046875;0.12109375;1.05078125;0.125;0.58203125;0.3359375;0.75;0.33984375;0.19140625;0.15625
0.46484375;0.6484375;0.1015625;0.20703125;0.359375;0.57421875;0.1875;0.18359375;0.703125;0.1875;0.0546875;0.36328125;0.42578125;0.34765625;0.359375;0.21484375
0.34375;0.890625;0.1796875;0.5625;0.44140625;0.0234375;0.171875;0.10546875;0.25390625;1.00390625;0.01953125;0.37109375;0.81640625;0.60546875;0.09765625;0.65234375
0.546875;0.37890625;0.0625;0.203125;0.46875;0.3046875;0.16015625;0.125;0.5703125;0.890625;0.30859375;0;0.45703125;0.5390625;0.32421875;0.125
0.55859375;0.546875;0.31640625;0.64453125;0.50390625;0.2578125;0.6796875;0.6640625;0.2578125;0.0546875;0.45703125;0.55078125;0.23828125;0.390625;0.62109375;0.4140625
0.33203125;0.234375;0.515625;0.0859375;0.1953125;0.08984375;0.27734375;0.13671875;0.2578125;0.046875;0.2578125;0.0859375;0.36328125;0.1484375;0.48046875;0.28515625
0.3203125;0.7421875;0.15625;0.1328125;0.3125;1.07421875;0.453125;0.16796875;0.359375;1.97265625;1.12109375;0.234375;0.875;1.1171875;0.28125;0.4765625
0.21484375;0.7734375;0.4375;0.30078125;0.13671875;0.4140625;0.54296875;0.06640625;0.03125;0.50390625;0.859375;0.05078125;0.12890625;1.046875;0.45703125;0.01953125
0.265625;0.73828125;0.140625;0.23828125;0.26171875;0.39453125;0.3671875;0.31640625;0.4453125;1.0234375;0.328125;0.34375;0.4609375;0.6171875;0.453125;0.6171875
0.0703125;0.71484375;0.2890625;0.05078125;0.4765625;0.62109375;0.75;0.125;0.37109375;0.4609375;0.265625;0.0390625;0.34765625;0.97265625;0.62890625;0.1015625
0.63671875;0.4453125;0.0625;0.77734375;0.6875;0.74609375;0.33984375;1.19921875;0.4296875;0.40234375;0.10546875;0.51953125;0.43359375;0.24609375;0.0859375;0.51171875
0.34765625;0.5;0.3359375;0.625;0.55859375;0.20703125;0.17578125;0.69140625;0.0078125;0.33984375;0.1328125;0.67578125;0.53125;0.74609375;0.43359375;0.5625
0.80859375;0.1015625;0.2265625;0.3515625;0.7734375;0.60546875;0.125;0.390625;0.66796875;0.29296875;0.4140625;0.27734375;0.88671875;0.37890625;0.6484375;0.3046875
0.05859375;0.32421875;0.31640625;0.39453125;0.20703125;0.43359375;0.00390625;0.12109375;0.0546875;0.08203125;0.12890625;0.4609375;0.05078125;0.19140625;0.1015625;0.3203125
0.09375;0.15625;0.58984375;0.828125;0.0546875;0.078125;0.03515625;0.2890625;0.02734375;0.0390625;0.1953125;0.0234375;0.28515625;0.29296875;0.3203125;0.48828125
0.21484375;0.14453125;0.0078125;0.2734375;0.3515625;0.27734375;0.15234375;0.11328125;0.04296875;0.16015625;0.09375;0.06640625;0.45703125;0.04296875;0.15234375;0.10546875
0.59375;0.359375;0.8828125;1.0546875;0.296875;0.03125;0.26953125;0.23828125;0.24609375;0.29296875;0.49609375;0.2109375;0.44140625;0.02734375;0.65234375;0.68359375
0.078125;0.66015625;0.48046875;0.3515625;0.05078125;0.265625;0.5859375;0.53125;0.2734375;0.70703125;0.65234375;0.78125;0.19921875;0.375;0.94921875;0.75
0.71484375;0.20703125;0.40234375;0.44140625;0.40625;0.14453125;0.35546875;0.49609375;0.24609375;0.37109375;0.4375;0.56640625;1.21484375;0.109375;0.58984375;0.90625
0.05859375;0.19921875;0.0234375;0.06640625;0.11328125;0.30078125;0.0546875;0.140625;0.77734375;0.1328125;0.05859375;0.23046875;0.37109375;0.1015625;0.12890625;0.05859375
0.48046875;0.1484375;0.4296875;0.6171875;0.859375;0.5546875;0.42578125;0.4375;0.3828125;0.1640625;0.11328125;0.515625;0.53125;0.34375;0.39453125;0.4609375
0.015625;0.203125;0.7109375;0.14453125;0.62109375;0.26171875;0.640625;0.09375;0.41796875;0.140625;0.609375;0.0546875;0.5078125;0.2421875;0.46484375;0.15625
0.2109375;0.03515625;0.08984375;0.26953125;0.37109375;0.04296875;0.51953125;0.4453125;0.2265625;0.609375;0.48828125;1.11328125;0.859375;0.15234375;0.24609375;0.76171875
0.453125;0.5234375;0.04296875;0.0234375;0.0234375;0.24609375;0.546875;0.17578125;0.4296875;0.34765625;0;0.09375;0.171875;0.28515625;0.4609375;0.078125
0.140625;0.2421875;0.390625;0.125;0.59375;0.3984375;0.63671875;0.41015625;0.35546875;0.51171875;0.35546875;0.21484375;0.00390625;0.3984375;0.02734375;0.51171875
0.328125;0.06640625;0.34765625;0.421875;0.6875;0.4609375;0.4140625;0.11328125;0.33203125;0.32421875;0.09765625;0.0546875;0.609375;0.26171875;0.421875;0.2578125
0.28125;0.4140625;0.8203125;0.4921875;0.71875;0.04296875;1.19921875;0.8984375;0.24609375;0.08203125;0.56640625;0.4140625;0.10546875;0.36328125;0.59375;0.38671875
0.94921875;0.0234375;0.3125;0.38671875;0.75;0.1484375;0.4375;0.3828125;0.76953125;0.19921875;0.41796875;0.40234375;0.53515625;0.09765625;0.421875;0.35546875
1.1796875;0.25390625;0.65234375;0.01171875;1.04296875;0.0703125;0.46484375;0.5390625;1.0234375;0.46484375;0.6484375;0.34765625;1.03125;0.015625;0.02734375;0.46484375
0.1953125;0.19140625;0.87109375;1.546875;0.21875;0.2890625;0.64453125;1.33203125;0.11328125;0.17578125;0.08203125;0.27734375;0.19921875;0.23828125;0.42578125;0.80859375
0.44140625;0.03125;0.171875;0.48046875;0.3515625;0;0.0234375;0.20703125;0.08203125;0.078125;0.078125;0.04296875;0.03515625;0.140625;0.30859375;0.41796875
0.25390625;0.03125;0.90625;0.125;0.328125;0.05078125;0.11328125;0.47265625;0.45703125;0.0546875;0.58984375;0.5703125;0.4296875;0.1328125;0.3203125;0.76953125
0.9609375;0.03515625;0.86328125;0.37109375;0.328125;0.0078125;0.44140625;0.20703125;0.3203125;0.1640625;0.8515625;0.30078125;0.7734375;0.25;0.7265625;0.32421875
0.92578125;0.26953125;0.30078125;0.0859375;1.2578125;0.12109375;0.40625;0.06640625;1.3515625;0.0234375;0.2109375;0.08203125;1.56640625;0.24609375;0.7421875;0.42578125
0.58203125;0.0234375;0.171875;0.08203125;0.1015625;0.0390625;0.234375;0.171875;0.6484375;0.52734375;0.1796875;0.05078125;0.57421875;0.265625;0.16796875;0.12890625
0.015625;0.44140625;0.21484375;0.07421875;0.05859375;0.46875;0.12109375;0.21875;0.71875;0.63671875;0.07421875;0.25390625;0.32421875;0.49609375;0.3515625;0.3828125
0.32421875;0.03125;0.3359375;0.4296875;0.47265625;0.14453125;0.50390625;0.04296875;0.36328125;0.171875;0.01953125;0.0078125;0.26171875;0.00390625;0.48046875;0.21875
0.4375;1.046875;0.078125;0.6015625;0.0390625;0.578125;0.34375;0.1796875;0.234375;0.88671875;0.109375;0.5;0.19921875;0.37109375;0.42578125;0.28125
0.328125;0.32421875;0.22265625;0.09375;0.1796875;0.05859375;0.703125;0.01953125;0.453125;0.21875;0.4765625;0.34375;0.4921875;0.3046875;1.01953125;0.1015625
0.80078125;0.27734375;0.23046875;0.58984375;0.734375;0.0625;0.0234375;0.28125;0.76171875;0.02734375;0.3125;0.23828125;0.8046875;0.203125;0.15234375;0.17578125
0.39453125;0.2109375;0.51953125;0.0703125;0.140625;0.70703125;1.1875;0.06640625;0.5;0.68359375;1.0546875;0.125;0.53125;0.53515625;0.29296875;0.06640625
0.4296875;0.30859375;0.53515625;0;0.828125;0.671875;0.734375;0.29296875;0.4609375;0.34765625;0.48046875;0.22265625;0.76171875;0.33984375;0.8359375;0.171875
0.83203125;0.46484375;0.1875;0.33203125;0.76953125;0.60546875;0.10546875;0.40234375;0.06640625;0.16015625;0.25390625;0.25390625;0.53125;0.31640625;0.1015625;0.25390625
0.359375;0.16015625;0.38671875;0.1640625;0.74609375;0.2109375;0.3984375;0.5625;0.0703125;0.30859375;0.7265625;0.46875;0.42578125;0.265625;0.33984375;0.0859375
0.21875;0.4609375;0.203125;0.046875;0.03515625;0.68359375;0.55078125;0.1484375;0.35546875;0.234375;0.1015625;0.046875;0.17578125;0.546875;0.14453125;0.3125
0.171875;0.0625;0.9453125;0.265625;0.47265625;0.2421875;0.81640625;0.46875;0.19140625;0.015625;0.58203125;0.390625;0.0390625;0.078125;0.69140625;0.39453125
0.48046875;0.05859375;0.65234375;0.29296875;0.1484375;0.0625;0.3984375;0.00390625;0.21875;0.0859375;0.33203125;0.09765625;0.46875;0.0234375;0.890625;0.11328125
0.453125;0.0078125;0.05859375;0.47265625;0.44921875;0.1015625;0.2265625;0.06640625;0.99609375;0.21875;0.0078125;0.5859375;1.1171875;0.14453125;0.05859375;0.109375
0.34765625;1.37109375;1.07421875;0.40234375;0.2421875;0.48828125;0.37890625;0.14453125;0.25390625;0.734375;0.83984375;0.11328125;0.16015625;0.80859375;0.7578125;0.3203125
0.28125;0.51171875;0.3515625;0.4140625;0.21484375;0.03515625;0.37109375;0.1796875;0.1796875;0.54296875;0.53125;0.171875;0.52734375;0.06640625;0.62109375;0.078125
0.25;0.6875;0.38671875;0.21484375;0.32421875;0.08984375;0.49609375;0.66796875;0.390625;1.03125;0.30078125;0.2109375;0.2109375;0.1640625;0.06640625;1.01171875
0.3984375;0.07421875;0.19921875;0.25390625;0.81640625;0.515625;0.1953125;0.140625;0.4921875;0.3125;0.7421875;0.1015625;0.06640625;0.14453125;0.375;0.09375
0.734375;0.4375;0.30078125;0.25390625;1.171875;0.24609375;0.9609375;0.4921875;0.6875;0.2578125;0.49609375;0.08984375;0.484375;0.41796875;0.453125;0.1875
0.01171875;0.21875;0.42578125;0.171875;0.33203125;0.015625;0.0546875;0.58984375;0.0234375;0.2265625;0.37109375;0.23046875;0.19921875;0.0390625;0.32421875;0.6171875
0.28125;0.16015625;0.12890625;0.125;0.26953125;0.15234375;0.5390625;0.7734375;0.29296875;0.43359375;0.1171875;0.80859375;0.734375;0.078125;0.1484375;0.6328125
0.1953125;0.51953125;0.41015625;0.00390625;0.26171875;0.18359375;0.39453125;0.23046875;0.12890625;0.5234375;0.28125;0.1640625;0.22265625;0.22265625;0.67578125;0.28125
0.16015625;0.09375;0.140625;0.03515625;0.15234375;0.4609375;0.47265625;0.11328125;0.4375;0.19140625;0.05859375;0.27734375;0.625;0.33984375;0.25;0.484375
0.1953125;0.0625;0;0.33984375;0.1171875;0.31640625;0.14453125;1.11328125;0.05078125;0.19921875;0.1015625;0.7421875;0.06640625;0.359375;0.22265625;0.89453125
0.48828125;0.09765625;0.078125;0.06640625;0.671875;0.5390625;0.53515625;0.15625;0.44921875;0.6484375;0.6484375;0.015625;0.26953125;0.22265625;0.15625;0.1171875
0.62890625;0.66015625;0.2890625;0.6953125;0.84765625;1.08203125;0.7734375;0.72265625;0.19921875;0.8671875;0.01171875;0.90625;0.6875;0.8203125;0.9296875;0.8984375
0.1484375;0.4375;0.4453125;0.3828125;0.21875;0.58203125;0.06640625;0.5546875;0.3828125;0.2890625;0.60546875;0.12890625;0.19921875;0.36328125;0.21484375;0.15234375
0.41796875;0.25;0.2421875;0.671875;0.3515625;0.1484375;0.3046875;0.4765625;0.19140625;0.20703125;0.1328125;0.41796875;0.23046875;0.19921875;0.0546875;0.4609375
0.16796875;0.21875;0.12890625;0.09765625;0.69140625;0.58203125;0.5078125;0.109375;0.4765625;0.35546875;0.37890625;0.00390625;0.125;0.73828125;0.02734375;0.22265625
0.359375;0.0546875;0.1796875;0.2421875;0.0078125;0.08203125;0.0625;0.30078125;0.21484375;0.0625;0.22265625;0.63671875;0.1328125;0.02734375;0.0390625;0.51171875
0.12890625;0.73046875;0.64453125;0.390625;0;0.26171875;0.23046875;0.15234375;0.140625;0.5625;0.58203125;0.39453125;0.1640625;0.44140625;0.359375;0.2109375
0.19140625;0.984375;0.7578125;0.33984375;0.171875;0.70703125;0.56640625;0.203125;0.5859375;0.88671875;0.6640625;0.78125;0.28125;0.72265625;0.4921875;0.30078125
0.67578125;0.734375;0.2109375;0.1328125;0.953125;0.125;0.2265625;0.33984375;0.70703125;1.27734375;0.09765625;0.421875;1.14453125;0.66796875;0.05859375;0.27734375
0.40234375;0.109375;0.64453125;0.02734375;0.16015625;0.4453125;0.96484375;0.01953125;0.828125;0.21484375;0.41015625;0.06640625;0.671875;0.27734375;0.24609375;0.10546875
0.15625;0.53125;0.73828125;0.125;0.16015625;0.8203125;0.9296875;0.078125;0.1796875;0.2734375;0.625;0.33203125;0.2421875;0.546875;0.734375;0.2578125
0.02734375;0.27734375;0.25390625;0.609375;0.125;0.5546875;0.68359375;0.2734375;0.09765625;0.40234375;0.25390625;0.49609375;0.02734375;0.54296875;0.87109375;0.26953125
0.1328125;0.07421875;0.41796875;0.265625;0.23828125;0.203125;0.20703125;0.0859375;0.4375;0.7109375;0.94921875;0.56640625;0.08984375;0.078125;0.69140625;0.12109375
0.23046875;0.13671875;0.2890625;0.578125;0.25;0.484375;0.1015625;0.484375;0.47265625;0.26171875;0.22265625;0.59765625;0.0546875;0.44140625;0.12109375;0.43359375
0.203125;0.3984375;0.046875;0.15234375;0.08984375;1.1484375;0.16796875;0.48046875;0.0546875;0.60546875;0.0390625;0.45703125;0.08984375;0.078125;0.15234375;0.31640625
0.0703125;0.0625;0.0859375;0.09375;0.62890625;0.14453125;0.5859375;0.453125;0.26171875;0.078125;0.35546875;0.29296875;0.33984375;0.00390625;0.3203125;0.3046875
0.3359375;0.0390625;0.4921875;0.8515625;0.92578125;0.078125;0.75390625;0.78515625;0.7265625;0.12109375;0.25390625;0.16015625;0.25390625;0.03515625;0.28515625;0.6015625
0.44140625;0.99609375;0.125;0.2109375;0.375;1.43359375;0.97265625;0.21484375;0.0390625;0.6796875;0.30859375;0.70703125;0.953125;0.36328125;0.3359375;0.45703125
0.53125;0.63671875;0.04296875;0.2890625;0.73046875;0.828125;0.30859375;0.71875;0.359375;0.3671875;0.12890625;0.0078125;0.08984375;0.37890625;0.0234375;0.34375
0.3359375;0.0859375;0.08203125;0.4765625;0.26171875;0.0859375;0.34765625;0.37109375;0.25;0.10546875;0.1328125;0.28515625;0.29296875;0.04296875;0.125;0.3046875
0.0703125;0.1328125;0.1015625;0.55859375;0.4765625;0.5625;0.2265625;0.10546875;0.3046875;0.453125;0.15625;0.01953125;0.26953125;0.40625;0.01953125;0.47265625
0.1875;0.1328125;1.2109375;0.65625;0.10546875;0.36328125;0.98046875;0.96875;0.35546875;0.29296875;1.7890625;1.1484375;0.15625;0.15234375;1.3046875;0.94921875
0.18359375;0.37109375;0.33203125;0.5390625;0.05859375;0.17578125;0.04296875;0.234375;0.34375;0.05859375;0.17578125;0.47265625;0.0546875;0.13671875;0.01953125;0.23828125
0.1953125;0.56640625;0.72265625;0.796875;0.49609375;0.38671875;0.52734375;0.11328125;0.4453125;0.06640625;1.26953125;0.34375;0.82421875;0.05078125;0.9375;0.42578125
0.296875;0.0078125;0.34375;0.33984375;0.10546875;0.16015625;0.23828125;0.484375;0.53515625;0.25390625;0.50390625;0.203125;0.25;0.4921875;0.0546875;0.0859375
0.32421875;0.0859375;0.4140625;0.28515625;0.01953125;0.08984375;0.4140625;0.23046875;0.68359375;0.1015625;0.7578125;0.50390625;0.5625;0.09765625;0.4609375;0.24609375
0.75;0.2109375;0.02734375;0.078125;0.98828125;0.0625;0.3125;0.23046875;0.56640625;0.14453125;0.0390625;0.1328125;0.52734375;0.03125;0.05859375;0.03125
0.7890625;0.23828125;0.42578125;0.296875;0.66015625;0.7421875;0.0703125;0.51953125;0.76953125;0.421875;0.01953125;0.390625;0.62890625;0.671875;0.203125;0.7734375
0.1875;0.38671875;0.12890625;0.05078125;0.125;0.63671875;0.05078125;0.01953125;0.38671875;1.23828125;0.16015625;0.56640625;0.23828125;1.2265625;0.1015625;0.1015625
0.19140625;0.05078125;0.58984375;0.58984375;0.2578125;0.1796875;0.08203125;0.6015625;0.05078125;0.02734375;0.5;0.421875;0.59765625;0.10546875;0.265625;0.8671875
0.44140625;0.265625;0.0625;0.52734375;0.95703125;0.50390625;0.00390625;0.25390625;0.86328125;0.71484375;0.0234375;0.66015625;0.5703125;0.20703125;0.00390625;0.4921875
0.1796875;0.1875;0.28515625;0.3984375;0.42578125;0.4609375;0.28125;0.1328125;0.171875;0.27734375;0.1328125;0.0625;0.3125;0.3125;0.0546875;0.28125
0.0859375;0.2109375;0.265625;0.68359375;0.59375;0.28125;0.0078125;0.953125;0.359375;0.44921875;0.40234375;0.26953125;0.0703125;0.0546875;0.37109375;0.59375
0.53125;0.4375;0.5859375;0.2421875;0.8828125;0.23046875;0.75390625;0.1875;0.0703125;0.28125;0.0703125;0.0546875;0.28515625;0.44140625;0.296875;0.46875
0.17578125;0.375;1.046875;0.52734375;0.09765625;0.56640625;0.95703125;0.55859375;0.10546875;0.09375;1.1875;0.734375;0.08203125;0.29296875;0.68359375;0.40625
0.17578125;0.4921875;0.28515625;0.078125;0.25390625;0.62109375;0.0390625;0.171875;0.12109375;0.40234375;0.04296875;0.1875;0.0625;0.41015625;0.328125;0.4921875
1.078125;1.04296875;0.984375;0.25390625;0.32421875;0.109375;0.20703125;0.328125;0.9296875;0.48828125;0.359375;0.34375;0.18359375;0.1875;0.3671875;0.3125
0.4140625;0.05078125;0.59375;0.1796875;0.85546875;0.4140625;0.8828125;0.01171875;0.4140625;0.26171875;0.52734375;0.08203125;0.453125;0.21875;0.72265625;0.2578125
0.49609375;0.6640625;0.13671875;0.37890625;0.359375;0.87890625;0.3125;0.1640625;0.30078125;0.328125;0.01171875;0.171875;0.62890625;0.71484375;0.078125;0.4375
0.484375;0.55078125;0.53125;0.85546875;0.4765625;0.484375;0.6796875;0.703125;0.09375;0.0078125;0.4375;0.40625;0.12890625;0.04296875;0.44140625;0.1796875
0.00390625;0.01953125;0.5625;0.8203125;0.1171875;0.09375;0.39453125;0.5078125;0.01171875;0.125;0.26171875;0.1796875;0.203125;0.01171875;0.4296875;0.51171875
0.96484375;0.328125;1.328125;0.47265625;1.03125;0.18359375;1.23046875;0.12109375;0.52734375;0.40234375;0.82421875;0.03515625;0.32421875;0.14453125;0.484375;0.03125
0.42578125;0.2109375;0.453125;0.37890625;0.3203125;0.04296875;0.23046875;0.44140625;0.96484375;0.20703125;1.0625;0.55859375;0.53125;0.08203125;0.44921875;0.58984375
0.0390625;0.2265625;0.4296875;0.27734375;0.0859375;0.01953125;0.09765625;0.46875;0.00390625;0.08203125;0.1484375;0.40625;0.29296875;0.3046875;0.109375;0.671875
0.1171875;0.39453125;0.0546875;0.32421875;0.49609375;0.078125;0.03515625;0.4296875;0.29296875;0.36328125;0.12109375;0.140625;0.28515625;0.1171875;0.078125;0.55859375
0.7265625;0.37109375;0.21484375;0.48046875;0.5078125;0.3203125;0.0703125;0.1796875;0.31640625;0.23046875;0.03515625;0.12109375;0.609375;0.4140625;0.0859375;0.34375
0.09765625;0.2578125;0.15234375;0.58984375;0.203125;0.37109375;0.359375;0.95703125;0.22265625;0.37890625;0.3515625;0.6796875;0.07421875;0.57421875;0.4765625;0.5390625
0.32421875;0.015625;0.3125;0.1640625;0.28125;0.46875;0.02734375;0.05078125;0.35546875;0.609375;0.125;0.453125;0.46484375;0.21484375;0.33984375;0.0859375
0.484375;0.06640625;0.1484375;0.3046875;0.18359375;0.01171875;0.11328125;0.24609375;0.45703125;0.3046875;0.4609375;0.0859375;0.328125;0.22265625;0.26953125;0.0234375
0.0234375;0.18359375;0.31640625;0.17578125;0.125;0.59375;0.44140625;0.43359375;0.2734375;0.19140625;0.32421875;0.6171875;0.26953125;0.42578125;0.22265625;0.41796875
0.22265625;0.57421875;0.52734375;0.25;0.30859375;0.4453125;0.19140625;0.08203125;0.37109375;0.98828125;0.96875;0.2421875;0.3125;0.375;0.17578125;0.07421875
0.453125;0.44921875;0.7265625;0.828125;0.46484375;0.2734375;0.4921875;0.625;0.07421875;0.05859375;0.30078125;0.27734375;0.109375;0.55078125;0.6484375;0.1328125
0.265625;1.015625;0.62890625;0.5;0.26171875;0.4609375;0.19921875;0.05859375;0.24609375;0.68359375;0.53515625;0.453125;0.2421875;0.421875;0.16796875;0.01953125
0.0625;0.34375;0.16015625;0.046875;0.07421875;0.38671875;0.1484375;0.19140625;0.07421875;0.046875;0.04296875;0.12109375;0.59375;0.1015625;0.0234375;0.078125
0.65625;0.59765625;0.22265625;0.1484375;0.7265625;0.40625;0.21875;0.20703125;0.3125;0.23828125;0.16015625;0.2421875;0.73046875;0.703125;0.3125;0.1484375
0.21875;0.03125;0.68359375;0.54296875;0.0078125;0.1953125;0.53515625;0.0546875;0.26171875;0.01953125;0.44921875;0.4453125;0.5703125;0.51953125;0.27734375;0.32421875
0.51953125;0.3671875;0.828125;0.5625;0.28125;0.01171875;0.59375;0.1875;0.4453125;0.4296875;0.65234375;0.27734375;0.67578125;1.0234375;0.26171875;0.5859375
0.046875;0.1015625;0.87890625;0.56640625;0.359375;0.21875;0.55859375;0.87109375;0.01953125;0.4296875;0.19140625;0.60546875;0.2421875;0.22265625;0.6015625;0.25
0.00390625;0.01171875;0.15625;0.15234375;0.109375;0.140625;0.83203125;0.203125;0.12890625;0.35546875;0.109375;0.234375;0.03125;0.01171875;0.82421875;0.14453125
0.71484375;0.984375;0.46875;0.0625;0.36328125;0.22265625;0.16015625;0.52734375;0.84375;1.17578125;0.51171875;0.2578125;0.80859375;0.921875;0.07421875;0.50390625
0.71875;1.00390625;0.359375;0.23828125;0.34375;0.4296875;0.07421875;0.125;0.4296875;0.69921875;0.5859375;0.05859375;0.3203125;0.68359375;0.08984375;0.375
0.0546875;0.26953125;0.140625;0.4765625;0.109375;0.1875;0.0234375;0.34765625;0.0625;0.1953125;0.10546875;0.2578125;0.359375;0.13671875;0.1015625;0.30078125
0.4609375;0.0078125;0.375;0.34765625;0.91796875;0.14453125;0.73828125;0.66796875;0.66796875;0.3203125;0.78515625;0.6875;0.63671875;0.2109375;0.90234375;0.6171875
0.109375;0.0234375;0.140625;0.15625;0.3984375;0.08984375;0.125;0.58203125;0.09375;0.32421875;0.078125;0.15234375;0.03515625;0.078125;0.09765625;0.234375
0.24609375;0.01953125;0.1796875;0.1875;0.0546875;0.24609375;0.23828125;0.18359375;0.140625;0.1875;0.76171875;0.4375;0.015625;0.1171875;0.4140625;0.27734375
0.125;0.00390625;0.1875;0.1640625;0.21875;0.0390625;0.3359375;0.3046875;0.07421875;0.1796875;0.36328125;0.08203125;0.171875;0.35546875;0.46484375;0.82421875
0.4609375;0.6484375;0.26171875;0.16015625;0.33203125;0.2734375;0.24609375;0.43359375;1.0390625;0;0.05859375;0.20703125;0.19921875;0.0078125;0.3046875;0.33203125
0.6328125;0.0546875;0.73828125;0.0546875;0.34375;0.46484375;0.92578125;0.4296875;0.1640625;0.0546875;0.50390625;0.1796875;0.20703125;0.11328125;0.359375;0.39453125
1.00390625;0.140625;0.0546875;0.73828125;0.53125;0.01953125;0.06640625;0.04296875;0.94140625;0.08203125;0.12890625;0.22265625;0.38671875;0.0546875;0.14453125;0.10546875
0.52734375;0.02734375;0.32421875;0.87890625;0.78515625;0.671875;0.375;0.97265625;0.18359375;0.0859375;0.2265625;0.6875;0.4140625;0.50390625;0.37890625;0.6328125
1.01953125;0.2421875;0.484375;0.390625;0.81640625;0.43359375;0.11328125;0.3671875;0.68359375;0.17578125;0.3359375;0.125;1.19140625;0.28125;0.5703125;0.4453125
0.546875;1.06640625;0.3671875;0.40625;0.66796875;0.8984375;0.01171875;0.42578125;0.4453125;0.05078125;0.2734375;0.25390625;0.3515625;0.08203125;0.5;0.1015625
0.62109375;0.5625;0.22265625;0.35546875;0.34765625;0.25390625;0.109375;0.15625;0.234375;0.796875;0.12109375;0.3828125;0.640625;0.67578125;0.59765625;0.4375
0.50390625;0.8125;0.109375;0.21484375;0.76171875;0.83203125;0.28125;0.0078125;0.46484375;0.625;0.28515625;0.12890625;0.203125;0.25;0.0234375;0.0234375
0.48046875;0.5859375;0.31640625;0.62109375;0.453125;0.2734375;0.515625;1.03515625;0.85546875;0.1015625;0.98046875;1.23828125;0.65234375;0.109375;0.703125;1.28125
0.43359375;0.08984375;0.44140625;0.1484375;0.01171875;0.265625;0.36328125;0.0703125;0.4296875;0.30078125;0.6796875;0.16796875;0.01953125;0.06640625;0.05078125;0.078125
0.50390625;1.84765625;0.9609375;0.08203125;0.109375;0.98046875;0.40234375;0.12890625;0.12109375;0.87890625;0.4765625;0.05859375;0.6484375;1.50390625;0.61328125;0.13671875
0.2578125;0.8125;0.37890625;0.44921875;0.08203125;0.4765625;0.296875;0.13671875;0.11328125;0.3828125;0.08984375;0.28515625;0.19921875;0.95703125;0.21484375;0.21484375
0.12890625;0.54296875;0.15625;0.3359375;0.2421875;1.0546875;0.375;0.40234375;0.2734375;0.84375;0.18359375;0.19140625;0.08203125;0.55078125;0.14453125;0.140625
0.1328125;0.24609375;0.33984375;0.07421875;0.18359375;0.578125;0.57421875;0.13671875;0.359375;0.54296875;0.359375;0.01171875;0.1640625;0.3984375;0.6328125;0.19921875
0.296875;0.43359375;0.140625;0.61328125;0.26953125;0.140625;0.015625;0.32421875;0.6484375;0.25;0.3046875;0.72265625;0.3671875;0.21484375;0.0703125;0.421875
0.33984375;0.1484375;0.1015625;0.1328125;0.4375;0.0078125;0.1328125;0.25390625;0.390625;0.46875;0.56640625;0.31640625;0.29296875;0.109375;0.38671875;0.55859375
1.06640625;0.2109375;0.00390625;0.18359375;0.765625;0.421875;0.35546875;0.3515625;1.3984375;0.18359375;0.5703125;0.33203125;0.59765625;0.2109375;0.41015625;0.375
0.3515625;0.4453125;0.35546875;0.90234375;0.234375;0.46875;0.1796875;0.36328125;0.1953125;0.296875;0.0859375;0.12890625;0.04296875;0.09765625;0.30078125;0.33984375
0.15625;0.32421875;0.796875;1.296875;0.015625;0.1328125;0.2265625;0.27734375;0.16796875;0.2265625;0.2890625;0.828125;0.09765625;0;0.21875;0.33984375
0.5078125;0.0703125;0.35546875;0.2109375;0.1171875;0.421875;0.05859375;0.0546875;0.20703125;0.18359375;0.078125;0.1015625;0.46484375;0.26171875;0.50390625;0.3125
0.4140625;0.04296875;0.44140625;0.28125;0.765625;0.2734375;0.63671875;0.6796875;0.14453125;0.09765625;0.2421875;0.25;0.390625;0.01171875;0.546875;0.32421875
0.234375;0.71875;1.234375;1.125;0.19140625;0.734375;0.73828125;0.953125;0.33984375;0.0859375;0.640625;0.828125;0.2265625;0.3671875;1.12890625;0.58203125
0.609375;0.2265625;0.4765625;0.90234375;0.44140625;0.109375;0.1484375;0.60546875;0.43359375;0.24609375;0.33203125;0.40234375;0.5234375;0.4296875;0.9296875;0.4296875
0.13671875;0.2265625;0.1875;0.0546875;0.85546875;0.19921875;0.17578125;0.19140625;0.3515625;0.10546875;0.06640625;0.08984375;0.390625;0.25390625;0.046875;0.125
0.359375;0.06640625;0.2890625;0.6328125;0.26171875;0.15625;0.48046875;0.921875;1.08203125;0.5546875;0.46484375;0.85546875;0.48046875;0.01171875;0.41796875;1.01171875
0.1171875;0.0625;0.33203125;0.140625;1.00390625;0.046875;0.1171875;0.4921875;0.01171875;0.21875;0.76953125;0.2265625;0.53125;0.19921875;0.6015625;0.0703125
0.3671875;0.4609375;0.5078125;1.0703125;0.1171875;0.484375;0.09765625;0.5;0.02734375;0.265625;0.56640625;0.2265625;0.640625;0.30859375;0.3125;1.03515625
0.45703125;0.4921875;0.00390625;0.07421875;0.32421875;0.2890625;0.0625;0.0546875;0.25;0.19921875;0.0546875;0.09765625;0.24609375;0.37890625;0.2890625;0.046875
0.07421875;0.20703125;0.27734375;0.16015625;0.375;0.4609375;0.45703125;0.171875;0.48828125;0.5625;0.3671875;0.078125;0.671875;0.640625;0.49609375;0.24609375
0.484375;0.0859375;0.53515625;0.03125;0.48046875;0.41015625;0.4453125;0.5234375;0.44140625;0.16796875;0.2265625;0.046875;0.69140625;0;0.74609375;0.0703125
0.2890625;0.0234375;0.58203125;0.49609375;0.00390625;0.23046875;0.390625;0.2890625;0.42578125;0.0859375;1.0546875;0.7109375;0.15234375;0.0703125;0.5625;0.41796875
0.47265625;0.015625;0.00390625;0.2265625;0.48046875;0.078125;0.11328125;0.27734375;0.23828125;0.02734375;0.28515625;0.25390625;0.8125;0.01953125;0.28515625;0.359375
1.4765625;0.609375;0.6796875;0.29296875;0.95703125;0.015625;0.22265625;0.41796875;1.6875;0.3203125;0.33203125;0.35546875;0.67578125;0.16015625;0.015625;0.20703125
0.0625;0.12890625;0.08203125;0.13671875;0.296875;0.609375;0.57421875;0.9921875;0.20703125;0.30078125;0.3359375;0.62890625;0.14453125;0.04296875;0.49609375;1.24609375
0.859375;0.35546875;0.12109375;0.828125;0.078125;0.05078125;0.015625;0.0625;0.1875;0.0546875;0.27734375;0.59765625;0.17578125;0.15234375;0.1015625;0.1015625
0.26171875;0.078125;0.265625;0.4296875;0.62890625;0.0546875;0.24609375;0.83984375;0.37109375;0.1484375;0.36328125;0.57421875;0.59375;0.4140625;0.09375;0.77734375
0.2265625;0.1484375;0.73046875;0.24609375;0.50390625;0.13671875;0.66015625;0.140625;0.34765625;0.03125;0.44921875;0.26953125;0.26953125;0.08984375;0.87109375;0.296875
2.359375;0.11328125;0.734375;0.47265625;1.890625;0.2421875;0.27734375;0.01953125;1.51171875;0.12890625;0.9921875;0.1796875;1.296875;0.58203125;0.76171875;0.70703125
0.54296875;0.17578125;0.22265625;0.1953125;0.34765625;0.1953125;0.2578125;0.0390625;0.5;0.15625;0.12890625;0.046875;0.33203125;0.66015625;0.21484375;0.30078125
0.38671875;0.328125;0.015625;0.04296875;0.59765625;0.84375;0.01953125;0.1640625;0.40234375;0.4453125;0.28515625;0.34375;0.14453125;0.47265625;0.1953125;0.15234375
0.31640625;0.12890625;0.2421875;0.40234375;0.63671875;0.61328125;0.2421875;0.0078125;0.83203125;0.1015625;0.625;0.16796875;0.8515625;0.6328125;0.1484375;0.0390625
0.48046875;0.84375;0.01171875;0.75390625;0.27734375;0.08984375;0.03125;0.1640625;0.53515625;1.06640625;0.16015625;0.6875;0.02734375;0.70703125;0.02734375;0.11328125
0.46484375;0.20703125;0.6640625;0.28125;0.3828125;0.3046875;0.08203125;0.1171875;0.0390625;0.05078125;0.30859375;0.02734375;0.546875;0.328125;0.75;0.296875
0.921875;0.3359375;0.19921875;0.8046875;0.53125;0.1171875;0.078125;0.41015625;0.56640625;0.20703125;0.01953125;0.67578125;0.80078125;0.3046875;0.0859375;0.45703125
0.45703125;0.2421875;0.35546875;0.109375;0.64453125;0.5859375;1.0703125;0.26171875;0.41015625;0.890625;1.2265625;0.109375;0.25390625;1.13671875;1.4765625;0.0859375
0.50390625;0.31640625;0.33203125;0.1796875;0.640625;0.140625;0.59375;0.09765625;0.53515625;0.55078125;0.5703125;0.2109375;0.703125;0.4453125;0.5078125;0.2109375
0.17578125;0.25390625;0.01171875;0.2578125;0.1796875;0.0078125;0.078125;0.19140625;0.51171875;0.0078125;0.29296875;0.2890625;0.16015625;0.0625;0.203125;0.23828125
0.34765625;0.0859375;0.125;0.37109375;0.68359375;0.140625;0.16796875;0.625;0.48828125;0.27734375;0.3203125;0.01171875;0.75390625;0.17578125;0.41796875;0.28125
0.359375;0.71484375;0.109375;0.15625;0.0703125;0.54296875;0.171875;0.171875;0.4375;0.78125;0.54296875;0.4765625;0.08203125;0.26953125;0.0390625;0.16796875
0.62109375;0.10546875;0.81640625;0.3828125;0.21875;0.15234375;0.91015625;0.60546875;0.09765625;0.1171875;0.53515625;0.44921875;0.51171875;0.1171875;0.83203125;0.34375
0.921875;0.27734375;0.53125;0.46875;0.13671875;0.0390625;0.26953125;0.140625;0.45703125;0.05859375;0.625;0.1484375;0.16796875;0;0.109375;0.16015625
0.62890625;0.16796875;0.2890625;0.046875;1.0390625;0.23828125;0.1171875;0.578125;0.703125;0.12109375;0.0703125;0.10546875;1.203125;0.625;0.51171875;0.88671875
0.3671875;0.9453125;0.765625;0.015625;0.24609375;1.24609375;0.75;0.43359375;0.32421875;0.47265625;0.4140625;0.0546875;0.41015625;1.05078125;0.93359375;0.046875
0.3828125;0.0234375;0.76171875;0.23046875;0.05859375;0.15234375;0.53125;0.3203125;0.703125;0.25;0.484375;0.10546875;0.69140625;0.328125;0.68359375;0.04296875
0.28515625;0.36328125;0.546875;0.65234375;0.140625;0.03125;0.22265625;0.67578125;0.2890625;0.6953125;0.078125;0.0390625;0.76953125;0.8125;0.5625;0.015625
0.89453125;0.515625;0.359375;0.2265625;0.64453125;0.48046875;0.83984375;0.12109375;0.1640625;0.0703125;0.38671875;0.08984375;0.66796875;0.48046875;0.20703125;0.02734375
0.59765625;0.4375;0.21484375;0.15234375;0.734375;0.484375;0.36328125;0.0078125;1.46484375;0.57421875;1.08984375;0.6796875;1.07421875;0.5078125;0.65234375;0.203125
0.38671875;0.34765625;0.4140625;0.046875;0.05078125;0.01171875;0.06640625;0.26953125;0.015625;0.234375;0.33984375;0.234375;0.26171875;0.0234375;0.33203125;0.32421875
0.359375;0.3828125;0.203125;0.83203125;0.0546875;0.3359375;0.17578125;0.04296875;0.1328125;0.22265625;0.546875;0.546875;0.5390625;0.29296875;0.0078125;0.5546875
0.2578125;0.58984375;0.484375;0.03515625;0.1796875;0.34375;0.234375;0.0625;0.23828125;0.3359375;0.24609375;0.171875;0.25;0.30859375;0.59765625;0.09375
0.3125;0.1796875;0.1171875;0.08203125;0.46875;0.03515625;0.05078125;0.1171875;0.5;0.2734375;0.125;0.3125;0.44921875;0.41796875;0.4765625;0.21484375
0.0703125;0.1875;0.109375;0.35546875;0.078125;0.04296875;0.171875;0.66796875;0.00390625;0.3359375;0.26171875;0.75;0.16796875;0.22265625;0.12109375;0.56640625
0.34375;0.125;0.0859375;0.19140625;0.16015625;0.1953125;0.12109375;0.14453125;0.30859375;0.3125;0.58984375;0.0546875;0.25;0.11328125;0.25;0.10546875
0.46484375;0.28515625;0.3203125;0.08984375;0.63671875;0.59765625;0.54296875;0.1953125;0.41015625;0.6953125;0.77734375;0.62890625;0.55859375;0.76953125;0.2265625;0.5234375
0.21484375;0.5859375;0.5078125;0.04296875;0.1796875;0.4375;0.14453125;0.3203125;0.04296875;0.3828125;0.6484375;0.09765625;0.17578125;0.2109375;0.16796875;0.35546875
0.23828125;0.3125;0.49609375;0.61328125;0.125;0.19140625;0.10546875;0.35546875;0.08984375;0.1484375;0.12109375;0.27734375;0.6796875;0.21484375;0.16015625;0.671875
0.109375;0.140625;0.06640625;0.38671875;0.1640625;0.2109375;0.0859375;0.0234375;0.21484375;0.39453125;0.2734375;0.12890625;0.15625;0.0078125;0.1640625;0.14453125
0.328125;0.08203125;0.03515625;0.1953125;0.0859375;0.05078125;0.07421875;0.88671875;0.05078125;0.03125;0.04296875;0.3984375;0.12890625;0.1640625;0.15234375;0.953125
0.125;0.60546875;0.5859375;0.453125;0.1171875;0.6875;0.3515625;0.453125;0.109375;0.2421875;0.39453125;0.14453125;0.11328125;0.7109375;0.72265625;0.51171875
0.2265625;1.28125;1.11328125;0.25;0.37109375;1.20703125;1.12109375;0.5546875;0.44921875;0.3984375;0.33984375;0.5;0.28125;0.56640625;0.12890625;0.26953125
1.015625;0.91796875;0.21875;0.0234375;0.59375;0.23828125;0.14453125;0.046875;0.58203125;0.77734375;0.05859375;0.19921875;1.64453125;1.05859375;0.1171875;0.1875
0.49609375;0.08203125;0.84765625;0.1328125;0.8125;0;0.70703125;0.13671875;0.6640625;0.26953125;0.25;0.03515625;0.1640625;0.30078125;0.6640625;0.140625
0.11328125;0.41015625;0.71875;0.21484375;0.16796875;0.234375;1.08984375;0.7109375;0.05859375;1.2734375;1.66796875;0.296875;0.171875;0.53515625;1.42578125;0.703125
0.07421875;0.2578125;0.01953125;0.5859375;0.0625;0.5;0.046875;0.01953125;0.00390625;0.29296875;0.4453125;0.62890625;0.1640625;0.3828125;0.11328125;0.37109375
0.36328125;0.57421875;0.90234375;0.4296875;0.03125;0.25;0.5546875;0.5859375;0.32421875;0.33984375;0.03125;0.00390625;0.0703125;0.28515625;0.9296875;0.50390625
0.2578125;0.1640625;0.28515625;0.68359375;0.171875;0.15234375;0.12109375;0.38671875;0.109375;0.0859375;0.0625;0.41796875;0.015625;0.28125;0.12890625;0.46484375
0.26171875;0.328125;0.08203125;0.24609375;0.265625;0.66796875;0.0078125;0.58984375;0.015625;0.8359375;0.0703125;0.58203125;0.0546875;1.2265625;0.171875;0.72265625
0.20703125;0.17578125;0.2734375;0.1875;0.24609375;0.015625;0.15234375;0.03515625;0.32421875;0.11328125;0.421875;0.390625;0.4140625;0.19921875;0.390625;0.26171875
0.47265625;0.0078125;0.21875;0.40234375;0.30078125;0.06640625;0.0859375;0.26953125;1.1640625;0.04296875;0.68359375;0.21875;0.64453125;0.04296875;0.24609375;0.1640625
0.22265625;0.58984375;0.3515625;0.16796875;0.1796875;1.03125;0.78125;0.13671875;0.64453125;0.0625;0.29296875;0.40234375;0.04296875;1.234375;0.40625;0.1484375
0.68359375;0.578125;0.17578125;0.234375;0.39453125;0.54296875;0.1484375;0.50390625;0.0703125;0.49609375;0.453125;0.06640625;0.01171875;0.30859375;0.13671875;0.34375
0.26953125;0.0703125;0.0234375;0.41796875;0.69921875;0.203125;0.18359375;0.19921875;0.32421875;0.0390625;0.203125;0.1875;0.02734375;0.25390625;0.52734375;0.55859375
0.16796875;0.65234375;0.0078125;0.47265625;0.04296875;0.13671875;0.09375;0.0859375;0.0390625;0.15625;0.0546875;0.37890625;0.08203125;0.19921875;0.125;0.0234375
0.0546875;0.03125;1.1640625;0.8984375;0.2421875;0.7421875;1.94140625;1.56640625;0.0703125;0.359375;0.83203125;0.6640625;0.63671875;0.73046875;1.6015625;0.8828125
0.15625;0.16015625;0.1328125;0.578125;0.05859375;0.28125;0.3046875;0.43359375;0.015625;0.2421875;0.12109375;0.3203125;0.18359375;0.11328125;0.1015625;0.6484375
1;0.44921875;1.13671875;0.37109375;0.51953125;0.5546875;0.99609375;0.2109375;0.69140625;0.1484375;0.76953125;0.78125;0.953125;0.29296875;1.12109375;0.4296875
0.35546875;0.1875;0.1640625;0.62109375;0.03515625;0.2265625;0.10546875;0.3515625;0.30859375;0.09765625;0.36328125;0.1171875;0.703125;0.21484375;0.0703125;0.23046875
0.375;0.12109375;0.78515625;0.5859375;0.69921875;0.1171875;0.8203125;0.49609375;0.57421875;0.08984375;0.51953125;0.3515625;0.109375;0.1328125;0.40625;0.0546875
0.640625;0.1953125;0.1015625;0.08984375;0.859375;0.22265625;0.23828125;0.01171875;1.54296875;0.0234375;0.33984375;0.00390625;1.203125;0.19140625;0.09765625;0.02734375
0.79296875;0.0234375;0.015625;0.4296875;0.30078125;0.44921875;0.8359375;0.359375;0.84375;0.27734375;0.49609375;0.4140625;0.58984375;0.47265625;0.08984375;0.13671875
0.33203125;1.30859375;0.1171875;0.46875;0.30859375;0.54296875;0.17578125;0.29296875;0.2265625;0.19140625;0.1875;0.04296875;0.44140625;1.36328125;0.00390625;0.37109375
0.22265625;0.0859375;0.71875;0.6640625;0.140625;0.1015625;0.3046875;0.3203125;0.08984375;0.08203125;0.328125;0.31640625;0.49609375;0.03515625;0.3828125;0.76171875
0.46875;0.04296875;0.07421875;0.48828125;0.91015625;0.52734375;0.1640625;0.7890625;1.0625;0.7734375;0.015625;0.515625;1.31640625;0.796875;0.0234375;0.31640625
0.4140625;0.08203125;0.01953125;0.125;0.37109375;0.09375;0.0859375;0.04296875;0.234375;0.32421875;0.16015625;0.07421875;0.5625;0;0.02734375;0.1953125
0.20703125;0.13671875;0.1484375;0.5234375;0.08203125;0.09375;0.21875;0.33984375;0.390625;0.26953125;0.30078125;0.71875;0.14453125;0.19921875;0.0859375;0.41015625
0.3046875;0.78125;0.25390625;0.609375;0.26953125;0.3203125;0.03515625;0.875;0.13671875;0.66015625;0.01171875;1.2109375;0.08203125;0.5390625;0.09375;0.72265625
0.046875;0.52734375;0.9140625;0.12890625;0.16015625;0.19921875;1.36328125;0.2578125;0.17578125;0.45703125;1.20703125;0.8359375;0.27734375;0.078125;0.609375;0.26953125
0.296875;0.15625;0.41015625;0.41015625;0.1796875;0.48828125;0.1484375;0.203125;0.04296875;0.44140625;0.0703125;0.1875;0.1484375;0.515625;0.21875;0.16015625
1.26953125;0.32421875;0.0078125;0.3125;0.640625;0.80859375;0.91796875;0.8359375;0.00390625;0.3984375;0.71484375;0.8046875;0.82421875;0.296875;0.234375;0.4609375
0.3125;0.07421875;0.4609375;0.1640625;0.34375;0.02734375;0.609375;0.05859375;0.1640625;0.0078125;0.4453125;0.03515625;0.48046875;0.3125;0.66796875;0.07421875
0.51171875;0.26953125;0.30859375;0.21484375;0.66796875;0.83203125;0.0625;0.46484375;0.3671875;0.609375;0.1953125;0.5078125;0.18359375;0.3671875;0.03515625;0.1328125
0.1328125;0.04296875;0.75390625;0.12109375;0.546875;0.60546875;0.52734375;0.828125;0.390625;0.58203125;0.44140625;0.8359375;0.37890625;0.2890625;0.34375;0.453125
0.09765625;0.04296875;0.55859375;0.75390625;0.125;0.0390625;0.44140625;0.453125;0.01171875;0;0.2734375;0.52734375;0.02734375;0.11328125;0.30859375;0.07421875
0.51953125;0.265625;0.984375;0.015625;0.69140625;0.04296875;0.87890625;0.3671875;1.13671875;0.5;1.34375;0.203125;0.7109375;0.47265625;1.21875;0.1875
0.49609375;0.3359375;0.9296875;0.18359375;0.6015625;0.1796875;0.859375;0.37890625;0.73828125;0.33984375;0.53125;0.76953125;0.81640625;0.0234375;0.83984375;0.234375
0.18359375;0.21875;0.12890625;0.4765625;0.19921875;0.10546875;0.2109375;0.3515625;0.125;0.015625;0.33203125;0.3515625;0.265625;0.34375;0.1328125;0.609375
0.25;0.22265625;0.00390625;0.3203125;0.31640625;0.578125;0.17578125;0.11328125;0.5546875;0.57421875;0.17578125;0.1796875;0.18359375;0.2109375;0.19921875;0.078125
0.43359375;0.0859375;0.2109375;0.51171875;0.94140625;0.34765625;0.21875;0.91015625;0.546875;0.015625;0.07421875;0.89453125;0.19140625;0.3203125;0.078125;0.1875
0.0625;0.34765625;0.25;0.65234375;0.0390625;0.3125;0.16796875;0.609375;0.078125;0.53125;0.46875;0.81640625;0.11328125;0.3515625;0.203125;0.4921875
0.92578125;0.8515625;0.2578125;0.7265625;0.3046875;0.7421875;0.27734375;0.5703125;0.171875;0.03125;0.05859375;0.61328125;0.328125;0.98828125;0.42578125;0.734375
1.08203125;0.12109375;0.0390625;0.75390625;0.5390625;0.09375;0.22265625;0.19921875;0.53515625;0.50390625;0.484375;0.21875;0.15625;0.0390625;0.29296875;0.11328125
0.40234375;0.55859375;0.328125;0.703125;0.01953125;0.875;0.61328125;0.43359375;0.05078125;0.26953125;0.22265625;0.19140625;0.49609375;0.296875;0.1640625;0.75390625
0.47265625;0.125;0.109375;0.00390625;0.60546875;0.5234375;0.7890625;0.1640625;0.3125;0.76953125;0.54296875;0.1796875;0.171875;0.39453125;0.35546875;0.26171875
0.4609375;0.7734375;0.4375;0.28125;0.0703125;0.26953125;0.6171875;0.36328125;0.65625;0.1328125;0.80859375;0.8203125;0.26953125;0.34765625;0.7578125;0.67578125
0.4453125;1.03515625;0.23046875;0.3125;0.4765625;0.8671875;0.31640625;0.27734375;0.4296875;0.50390625;0.01953125;0.078125;0.42578125;0.7890625;0.23828125;0.21484375
0.08203125;0.3984375;0.16796875;0.0078125;0.5;0.19921875;0.0546875;0.05859375;0.2109375;0.6015625;0.24609375;0.2421875;0.23046875;0.16015625;0.04296875;0.02734375
0.3203125;0.03515625;0.171875;0.2109375;0.79296875;0.5859375;0.15234375;0.02734375;0.60546875;0.609375;0.40625;0.1015625;0.296875;0.05859375;0.01953125;0.1796875
0.34375;0.265625;0.37109375;0.0546875;0.25;0.02734375;0.65234375;0.49609375;0.46484375;0.50390625;0.4140625;0.03125;0.36328125;0.21875;0.1953125;0.05859375
0.62890625;0.71875;0.83984375;0.8046875;0.33203125;0.03515625;0.9765625;0.3984375;0.08984375;0.6484375;0.3125;0.75;0.46875;0.5703125;0.640625;0.34765625
0.22265625;0.56640625;0.265625;0.67578125;0.515625;0.3359375;0.3203125;0.7890625;0.0859375;0.09765625;0.59375;0.80078125;0.046875;0.5234375;0.46484375;0.73828125
0.23828125;0.453125;0.69921875;0.2109375;0.0078125;0.0859375;0.19140625;0.25390625;0.125;0.43359375;0.23046875;0.14453125;0.0390625;0.296875;0.16015625;0
0.2890625;0.09375;0.20703125;0.65234375;0.6796875;0.875;0.3515625;0.328125;0.59375;0.71484375;0.234375;0.2890625;0.76953125;0.8359375;0.12890625;0.7421875
0.34375;0.6640625;0.33984375;0.34375;1.12109375;1.18359375;0.6953125;0.1328125;0.4375;0.921875;0.7578125;0.18359375;0.19140625;0.58984375;0.37109375;0.0390625
0.35546875;0.17578125;0.125;0.1015625;0.15234375;0.15234375;0.1640625;0.484375;0.16796875;0.0234375;0.21484375;0.1484375;0.125;0.109375;0.08203125;0.2265625
0.61328125;0.0859375;0.484375;0.32421875;0.56640625;0.17578125;0.421875;0.171875;0.93359375;0.01953125;0.8828125;0.515625;0.390625;0.12109375;0.40234375;0.4921875
0.4609375;0.203125;0.09765625;0.4140625;0.28125;0.37109375;0.15234375;0.26953125;0.16796875;0.36328125;0.04296875;0.5546875;0.51953125;0.37890625;0.28125;0.47265625
0.6015625;0.39453125;0.03125;0.0546875;0.44140625;0.05078125;0.203125;0.2109375;0.140625;0.0546875;0.59765625;0.390625;0.15625;0.53515625;0.71875;0.40234375
0.23828125;0.24609375;0.15234375;0.31640625;0.29296875;0.0546875;0.578125;0.51953125;0.02734375;0.38671875;0.375;0.91796875;0.08203125;0.58203125;0.08984375;0.6796875
0.3984375;0.15625;0.2421875;0.83203125;0.01171875;0.1796875;0.01171875;0.828125;0.859375;0.3046875;0.1640625;0.3515625;0.16015625;0.484375;0.2421875;0.08203125
0.08203125;0.5625;0.26171875;0.36328125;0.4765625;0.51953125;0.484375;0.21484375;0.6015625;0.265625;0.74609375;0.19140625;0.6015625;0.2578125;0.64453125;0.1640625
1.29296875;0.328125;0.234375;0.27734375;0.859375;0.03515625;0.3515625;0.4453125;0.390625;0.10546875;0.51171875;0.21875;0.95703125;0.1484375;0.00390625;0.1640625
0.67578125;0.24609375;0.28515625;0.58984375;0.375;0.15234375;0.37890625;0.7734375;0.98828125;0.55859375;0.390625;0.33984375;0.5546875;0.5078125;0.30078125;0.62109375
0.58984375;0.05859375;0.328125;0.015625;0.9453125;0.203125;0.40234375;0.41796875;0.72265625;0.1015625;0.45703125;0.359375;0.38671875;0.07421875;0.1328125;0.046875
0.62890625;0.1171875;0.1796875;0.30078125;0.5625;1.12890625;0.30859375;0.40234375;0.4921875;1.21484375;0.16796875;0.3515625;0.33984375;0.62109375;0.265625;0.0859375
0.65234375;0.8046875;0.1171875;0.41796875;0.375;0.5546875;0.44140625;0.265625;0.015625;0.41015625;0.10546875;0.0859375;0.28125;0.8046875;0.22265625;0.359375
0.98046875;0.60546875;0.359375;0.15234375;0.8359375;0.5859375;0.41015625;0.06640625;0.37109375;0.984375;0.1015625;0.12890625;0.921875;0.78515625;0.23828125;0.2421875
0.53125;0.50390625;1.09375;1.29296875;0.76953125;0.80859375;0.5078125;1.0625;0.66015625;0.015625;0.57421875;0.90234375;0.48046875;0.08203125;1.07421875;0.890625
0.03125;0.19921875;0.28515625;0.05078125;0.375;0.07421875;0.41015625;0.18359375;0.28515625;0.0703125;0.140625;0.12890625;0.30078125;0.09765625;0.13671875;0.22265625
0.65234375;1.28515625;0.45703125;0.2421875;0.546875;1.9921875;1.01953125;0.08203125;0.08203125;1.21484375;0.671875;0.0078125;0.0078125;0.8515625;0.37890625;0.02734375
0.10546875;0.265625;0.47265625;0.01953125;0.22265625;0.9921875;0.66015625;0.47265625;0.0546875;0.328125;0.5625;0.41015625;0.20703125;0.53515625;0.23046875;0.3046875
0.05078125;0.59375;0.109375;0.1796875;0.1171875;0.49609375;0.03515625;0.1640625;0.12890625;0.8359375;0.0234375;0.046875;0.13671875;0.44921875;0.07421875;0.25
0.12109375;0.96875;1.1015625;0.3828125;0.38671875;0.6484375;0.32421875;0.03515625;0.1796875;0.13671875;0.19921875;0.0234375;0.390625;0.85546875;0.4375;0.0078125
0.359375;0.85546875;0.11328125;0.9921875;0.30078125;0.55859375;0.32421875;0.80078125;0.4609375;0.35546875;0.15234375;0.625;0.65234375;0.01953125;0.2109375;0.45703125
0.375;0.06640625;0.1484375;0.41015625;0.5625;0.08984375;0.421875;0.3125;0.30859375;0.43359375;0.5625;0.62109375;0.3125;0.578125;0.16796875;0.796875
0.59375;0.2421875;0.0859375;0.625;1.26953125;0.125;0.125;0.71875;1.15625;0.5078125;0.515625;0.29296875;0.703125;0.09375;0.05078125;0.1640625
0.2890625;0.0703125;0.68359375;0.40234375;0.1015625;0.25390625;0.1484375;0.5546875;0.42578125;0.4453125;0.55078125;1.01171875;0.2890625;0.43359375;0.359375;0.85546875
0.33984375;0.3671875;0.60546875;0.35546875;0.05859375;0.28125;0.2109375;0.7734375;0.17578125;0.3203125;0.04296875;0.2109375;0.1796875;0.2109375;0.37109375;0.375
0.3203125;0.20703125;0.29296875;0.29296875;0.0234375;0.0859375;0.0546875;0.0703125;0.1796875;0.26171875;0.078125;0.30078125;0.1875;0.31640625;0.25;0.1328125
0.109375;0.2734375;0.32421875;0.25;0.60546875;0.16796875;0.6015625;0.35546875;0.41796875;0.14453125;0.08203125;0.26953125;0.3046875;0.07421875;0.1015625;0.12109375
0.3828125;0.5234375;0.8359375;0.8125;0.203125;0.7578125;1.203125;1.06640625;0.00390625;0.44921875;0.2734375;0.703125;0.05859375;0.5078125;0.83984375;0.37109375
0.59375;0.3203125;0.65234375;0.8984375;0.49609375;0.125;0.12109375;0.82421875;0.2890625;0.2890625;0.046875;0.41796875;0.44140625;0.30078125;0.4140625;0.4140625
0.37109375;0.18359375;0.32421875;0.05859375;0.90234375;0.1953125;0.359375;0.109375;0.453125;0.16796875;0.16796875;0.20703125;0.23828125;0.18359375;0.1484375;0.08203125
0.5625;0.1484375;0.203125;1.05859375;0.54296875;0.0859375;0.36328125;0.94921875;0.73828125;0.3203125;0.27734375;0.66796875;0.96875;0.63671875;0.36328125;0.640625
0.95703125;0.10546875;0.07421875;0.35546875;0.328125;0.125;0.40625;0.03515625;0.5390625;0.0234375;0.19140625;0.28125;0.91796875;0.140625;0.4609375;0.1953125
0.578125;0.03515625;0.2734375;0.74609375;0.234375;0.1953125;0.4375;0.94140625;0.2265625;0.25390625;0.7890625;0.4921875;0.23046875;0.3203125;0.48828125;0.34765625
0.06640625;0.19140625;0.40234375;0.1640625;0.4375;0.4375;0.12109375;0.11328125;0.1640625;0.2265625;0.31640625;0.359375;0.2109375;0.2734375;0.109375;0.0234375
0.22265625;0.21875;0.41015625;0.01171875;0.1328125;0.06640625;0.48828125;0.01953125;0.59765625;0.40625;0.67578125;0.1875;0.19140625;0.41015625;0.1640625;0.15625
1.00390625;0.11328125;1.01171875;0.48828125;0.35546875;0.31640625;0.125;0.12109375;0.16796875;0.48828125;0.14453125;0.375;0.375;0.5078125;0.09375;0.3984375
0.5546875;0.13671875;0.6640625;0.625;0.49609375;0.23046875;0.7421875;0.6875;0.375;0.140625;0.8203125;0.61328125;0.07421875;0.51953125;0.87890625;0.47265625
0.39453125;0.07421875;0.32421875;0.29296875;0.66015625;0.18359375;0.12109375;0.29296875;1.06640625;0.03515625;0.2421875;0.390625;0.734375;0.046875;0.55859375;0.42578125
0.73046875;0.48046875;0.25390625;0.09375;1.63671875;0.1796875;0.625;0.046875;1.4765625;0.19921875;0.34765625;0.6015625;0.96484375;0.52734375;0.39453125;0.046875
0.0546875;0.2421875;0.59375;0.859375;0.08203125;0.09375;0.14453125;0.2734375;0.0390625;0.078125;0.16796875;0.48046875;0.06640625;0.0859375;0.1015625;0.2265625
0.0703125;0.2890625;0.3046875;0.26953125;0.20703125;0.33203125;0.0859375;0.60546875;0.0078125;0.37890625;0.27734375;0.1015625;0.0546875;0.08203125;0.15625;0.24609375
0.26953125;0.125;0.55078125;0.29296875;0.390625;0.2265625;0.0078125;0.58984375;0.37109375;0.046875;1.0859375;0.25;0.53125;0.24609375;0.07421875;0.671875
0.51953125;0.3203125;0.5546875;0.328125;0.296875;0.06640625;0.8515625;0.15625;0.29296875;0.17578125;0.4765625;0.03515625;0.23828125;0.0078125;0.296875;0.15625
1.4296875;0.33203125;0.59375;0.34765625;2.28515625;0.0703125;0.61328125;0.3984375;1.515625;0.6796875;0.00390625;0.46875;1.16796875;0.0546875;0.16015625;0.2578125
0.6328125;0.46484375;0.05859375;0.25390625;0.6015625;0.1328125;0.26953125;0.0078125;0.34375;0.37890625;0.0859375;0.015625;0.5;0.1953125;0.140625;0.015625
0.125;0.8515625;0.3984375;0.3359375;0.3828125;1.02734375;0.0859375;0.234375;0.7578125;0.3046875;0.04296875;0.1484375;0.26171875;0.65234375;0.421875;0.33203125
0.875;0.69140625;0.1875;0;0.57421875;0.28515625;0.33984375;0.48828125;0.5625;0.06640625;0.32421875;0.16796875;0.66796875;0.0625;0.59375;0.01953125
0.3125;0.21875;0.09765625;0.31640625;0.3203125;0.6953125;0.13671875;0.57421875;0.203125;0.5078125;0.05078125;0.45703125;0.04296875;0.58203125;0.30859375;0.375
0.41796875;0.265625;0.7578125;0.09765625;0.359375;0.19140625;0.61328125;0.10546875;0.1015625;0.078125;0.66015625;0.08203125;0.1953125;0.06640625;0.41015625;0.0546875
0.625;0.0859375;0.046875;0.3125;1.1875;0.33203125;0.28515625;0.89453125;1.1171875;0.09765625;0.01953125;1.1171875;0.46875;0.3359375;0.109375;0.67578125
0.46875;0.26171875;0.58203125;0.1796875;0.44921875;0.015625;0.375;0.16015625;0.50390625;0.62109375;1.33203125;0.234375;0.34375;0.65625;0.5546875;0.02734375
1.07421875;0.21484375;0.92578125;0.08984375;0.5078125;0.328125;0.6015625;0.18359375;0.3359375;0.23046875;0.2734375;0.13671875;0.6015625;0.08203125;0.734375;0.16796875
0.421875;0.71875;0.33984375;0.3359375;0.16796875;0.328125;0.01953125;0.26953125;0.1328125;0.140625;0.3515625;0.2734375;0.66796875;0.0546875;0.21875;0.25390625
0.33203125;0.2734375;0.359375;0.296875;1.16796875;0.0625;0.0859375;0.95703125;0.59765625;0.1015625;0.375;0.234375;0.1484375;0.36328125;0.66796875;0.19921875
0.06640625;0.3046875;0.55859375;0.125;0.25390625;0.63671875;0.171875;0.3515625;0.2265625;0.84765625;0.08984375;0.33984375;0.3515625;0.2890625;0.26953125;0.01171875
0.078125;0.18359375;0.4609375;0.05859375;0.0859375;0.078125;0.73828125;0.5078125;0.578125;0.13671875;0.89453125;0.265625;0.3515625;0.0390625;0.85546875;0.4453125
0.4921875;0.140625;1.15625;0.20703125;0.734375;0.1484375;0.37890625;0.15625;0.359375;0.1015625;0.015625;0.10546875;0.3828125;0.0546875;0.72265625;0.1484375
0.4140625;0.19921875;0.30078125;0.0859375;0.99609375;0.265625;0.1875;0.3828125;0.52734375;0.015625;0.0546875;0.56640625;0.90234375;0.35546875;0.2109375;0.62109375
0.15625;0.23046875;0.453125;0.08203125;0.15234375;1.00390625;0.8515625;0.109375;0.24609375;0.5625;0.33203125;0.109375;0.20703125;0.3203125;0.1640625;0.2109375
0.54296875;0.41015625;0.6171875;0.00390625;0.2890625;0.01953125;0.734375;0.25390625;0.265625;0.12109375;0.23046875;0.4453125;0.0703125;0.33203125;0.51171875;0.30078125
0.4140625;0.703125;0.65234375;0.359375;0.01953125;0.27734375;0.21484375;0.671875;0.265625;0.5390625;0.6328125;0.1015625;0.35546875;0.76953125;0.01953125;0.03515625
0.1953125;0.01953125;0.58984375;0.140625;0.37890625;0.328125;0.83984375;0.1875;0.68359375;0.3671875;0.53125;0.0859375;0.31640625;0;0.53125;0.26953125
0.7578125;0.76953125;0.65625;0.23046875;0.84375;0.6640625;0.3125;0.30859375;1.1875;0.36328125;0.765625;0.4296875;1.18359375;0.4609375;1.12109375;0.5
0.25390625;0.1171875;0.2578125;0.41796875;0.15625;0.2578125;0.16015625;0.2265625;0.2421875;0.26953125;0.21484375;0.11328125;0.02734375;0.1875;0.0234375;0.50390625
0.53515625;0.19140625;0.171875;0.6328125;0.4765625;0.34765625;0.34375;1.078125;0.0234375;0.24609375;0.734375;0.87890625;0.02734375;0.23828125;0.375;0.3984375
0.22265625;0.20703125;0.26171875;0.12109375;0.31640625;0.68359375;0.671875;0.10546875;0.3828125;0.5390625;0.4296875;0.03125;0.2578125;0.2421875;0.28515625;0.2578125
0.2421875;0.0859375;0;0.0859375;0.109375;0.15625;0.0390625;0.23046875;0.28125;0.24609375;0.26171875;0.12890625;0.48046875;0.07421875;0.03125;0.32421875
0.1484375;0.28125;0.05859375;0.7890625;0.1015625;0.25;0.16015625;0.78515625;0.12109375;0.234375;0.30078125;0.46484375;0.19140625;0.16796875;0.01171875;0.921875
0.6796875;0.43359375;0.10546875;0.2421875;0.41796875;0.2734375;0.23828125;0.25;0.35546875;0.5234375;0.6796875;0.078125;0.125;0.26171875;0.12109375;0.03125
0.50390625;0.89453125;0.65625;0.54296875;0.86328125;0.62109375;0.60546875;0.125;0.6484375;0.578125;0.1484375;0.6015625;0.5078125;1.09765625;0.57421875;1.13671875
0.30078125;0.2421875;0.1171875;0.92578125;0.171875;0.328125;0.59765625;0.9609375;0.1328125;0.57421875;0.31640625;0.140625;0.30859375;0.34375;0.4765625;0.15625
0.56640625;0.2890625;0.58984375;0.6796875;0.4453125;0.2421875;0.23046875;0.546875;0.359375;0.36328125;0.67578125;0.75390625;0.38671875;0.32421875;0.26171875;0.65625
0.20703125;0.875;0.1015625;0.1328125;0.265625;0.22265625;0.19140625;0.046875;0.5234375;0.046875;0.4375;0.1171875;0.2109375;0.54296875;0.08984375;0.07421875
0.2734375;0.078125;0.05859375;0.16796875;0.16015625;0.04296875;0.10546875;0.515625;0.2890625;0.02734375;0.19921875;0.40625;0.09765625;0.0625;0.0703125;0.71875
0.24609375;0.14453125;0.2421875;0.01953125;0.11328125;0.6875;0.41796875;0.50390625;0.0703125;0.43359375;0.26171875;0.4453125;0.0078125;0.1328125;0.0625;0.078125
0.58203125;0.65625;0.40234375;0.76171875;0.2109375;1.31640625;1.14453125;0.2421875;0.20703125;1.07421875;1.15234375;0.3515625;0.0859375;0.91796875;0.5546875;0.09765625
1.17578125;1.30078125;0.23046875;0.07421875;0.4296875;0.6484375;0.16796875;0.171875;0.3203125;0.6328125;0.328125;0.3515625;0.79296875;0.81640625;0.01171875;0.18359375
0.82421875;0.046875;0.62890625;0.1171875;0.78515625;0.0859375;0.6328125;0.25390625;0.72265625;0.2421875;0.44921875;0.08203125;0.86328125;0.1484375;0.671875;0.015625
0.484375;0.84765625;1.79296875;0.8984375;0.00390625;0.75390625;1.26953125;0.3359375;0.265625;0.75390625;1.07421875;0.19140625;0.21484375;1.05078125;1.3828125;0.36328125
0.07421875;0.5078125;0.19140625;0.0859375;0.00390625;0.4140625;0.33203125;0.46484375;0.0234375;0.40625;0.05078125;0.37109375;0.11328125;0.65625;0.58203125;0.328125
0.0546875;0.140625;0.66796875;0.18359375;0.43359375;0.5234375;0.83203125;0.21484375;0.453125;0.4921875;0.11328125;0.0546875;0.1875;0.26953125;0.14453125;0.171875
0.28515625;0.3515625;0.0703125;0.45703125;0.3984375;0.296875;0.30859375;0.8984375;0.4765625;0.33203125;0;0.9375;0.12890625;0.0625;0.05078125;0.2578125
0.31640625;0.54296875;0.0234375;0.3828125;0.41796875;0.4453125;0.0625;0.22265625;0.25390625;1.046875;0.09375;0.6640625;0.09375;0.484375;0.046875;0.3671875
0.546875;0.05078125;0.28125;0.15625;0.23828125;0.03515625;0.3046875;0.30078125;0.109375;0.02734375;0.1328125;0.109375;0.23828125;0.04296875;0.26171875;0.18359375
0.25;0.0234375;0.296875;0.91796875;0.72265625;0.0546875;0.33984375;0.375;1.0703125;0.015625;0.4296875;0.05859375;0.8203125;0.02734375;0.55078125;0.2578125
0.18359375;0.8203125;0.703125;0.28515625;0.19921875;1.51171875;1.125;0.33203125;0.32421875;1.171875;0.0859375;0.09375;0.50390625;0.67578125;0.11328125;0.74609375
0.140625;0.7265625;0.41015625;0.5546875;0.01171875;0.92578125;0.015625;0.2890625;0.40625;0.640625;0.125;0.4140625;0.3828125;0.21875;0.17578125;0.06640625
0.03515625;0.03125;0.09765625;0.53515625;0;0.37109375;0.65234375;0.41015625;0.29296875;0;0.19140625;0.5;0.14453125;0.22265625;0.25;0.47265625
0.2109375;0.37890625;0.11328125;0.78515625;0.54296875;0.84765625;0.21484375;0.015625;0.48046875;0.71875;0.3203125;0.3671875;0.20703125;0.3515625;0.02734375;0.34375
0.08203125;0.13671875;1.12109375;0.93359375;0.3125;0.234375;1.28515625;0.74609375;0.1953125;0.30078125;1.59765625;1.0625;0.33203125;0.67578125;1.50390625;1.03515625
0.20703125;0.03125;0.234375;0.109375;0.265625;0.03515625;0.06640625;0.41796875;0.3203125;0.03125;0.03515625;0.375;0.046875;0.20703125;0.0703125;0.09375
0.67578125;0.28515625;1.31640625;0.16015625;0.96875;0.515625;1.09375;0.2265625;0.1484375;0.95703125;0.38671875;0.3828125;0.5859375;0.3984375;0.7265625;0.26171875
0.59375;0.04296875;0.25390625;0.625;0.10546875;0.234375;0.359375;0.453125;0.19140625;0.30078125;0.33203125;0.6015625;0.3671875;0.125;0.32421875;0.03125
0.85546875;0.05859375;0.5703125;0.45703125;0.68359375;0.09375;0.625;0.31640625;0.5546875;0.1328125;0.84765625;0.61328125;0.8828125;0.0546875;0.6796875;0.609375
1.21484375;0.0078125;0.0390625;0.19140625;1.1015625;0.1796875;0.0546875;0.22265625;1.11328125;0.14453125;0.12109375;0.10546875;1.16015625;0.046875;0.34375;0.1171875
0.234375;0.55078125;0.78125;0.3828125;0.7421875;0.31640625;0.1015625;0.58203125;0.65625;0.26171875;0.41796875;0.49609375;0.80078125;0.78125;0.51953125;0.7578125
0.22265625;1.046875;0.0078125;0.18359375;0.1796875;1.1015625;0.16796875;0.3359375;0.20703125;0.5859375;0.09375;0.1015625;0.078125;0.390625;0.140625;0.09375
0.10546875;0.1328125;0.10546875;0.41015625;0.2734375;0.25;0.84375;0.9296875;0.00390625;0.578125;0.56640625;0.63671875;0.25;0.0859375;0.2578125;0.359375
0.5703125;0.08984375;0.14453125;0.50390625;0.390625;0.12109375;0.171875;0.48828125;1.04296875;0.52734375;0.1953125;0.61328125;0.72265625;0.2734375;0.05078125;0.328125
0.6875;0.015625;0.03125;0.00390625;0.171875;0.296875;0.07421875;0.19140625;0.21484375;0.171875;0.03515625;0.0859375;0.1484375;0.28125;0.0390625;0.30078125
0.40625;0.21484375;0.296875;0.703125;0.4453125;0.1328125;0.06640625;0.65625;0.44921875;0.34765625;0.42578125;0.48046875;0.078125;0.125;0.03125;0.6328125
0.109375;0.734375;0.16796875;1.140625;0.04296875;0.42578125;0.37109375;1.2578125;0.4453125;0.48828125;0.51953125;0.0234375;0.64453125;0.0546875;0.4609375;0.37109375
0.15625;0.67578125;0.83203125;0.80078125;0.11328125;0.58984375;0.8515625;0.48046875;0.08203125;0.375;0.78515625;0.4921875;0.2890625;0.0703125;0.46484375;0.19921875
0.2734375;0.578125;0.2265625;0.125;0.03125;0.31640625;0.09375;0.08984375;0.015625;0.4453125;0.17578125;0.39453125;0.06640625;0.32421875;0.05078125;0.234375
0.40234375;0.375;0.46484375;0.3828125;0.390625;0.12109375;0.1796875;0.33203125;0.7421875;0.3046875;0.265625;0.1484375;0.6171875;0.12890625;0.12890625;0.94140625
0.50390625;0.25390625;0.55078125;0.16015625;0.36328125;0.3671875;0.453125;0.16796875;1.06640625;0.43359375;1.02734375;0.09765625;0.67578125;0.33203125;0.828125;0.1796875
0.55859375;0.94140625;0.2578125;0.5390625;0.51953125;0.609375;0.03125;0.1640625;0.55078125;0.82421875;0.234375;0.58984375;0.58203125;0.40234375;0.1953125;0.52734375
0.30859375;0.41015625;0.3359375;0.71484375;0.43359375;0.4453125;0.78125;0.61328125;0.1875;0.15625;0.06640625;0.3984375;0.12109375;0.08984375;0.4296875;0.36328125
0.04296875;0.046875;0.47265625;0.66796875;0.01953125;0.03515625;0.4609375;0.53125;0.0078125;0.046875;0.2265625;0.0859375;0;0.16015625;0.3828125;0.1875
0.23828125;0.40234375;0.765625;0.1640625;0.57421875;0.09375;1.0390625;0.30859375;0.53125;0.21875;0.640625;0.34375;0.35546875;0.0390625;0.5546875;0.06640625
0.81640625;0.09765625;0.71484375;0.31640625;0.7109375;0.3984375;0.47265625;0.96875;0.3984375;0.13671875;0.390625;0.1328125;0.72265625;0.44140625;0.4453125;1.06640625
0.32421875;0.3984375;0.15234375;0.4921875;0.0234375;0.24609375;0.42578125;0.27734375;0.08984375;0.0625;0.21875;0.41796875;0.22265625;0.23046875;0.00390625;0.4609375
0.26171875;0.05078125;0.078125;0.34375;0.1484375;0.59765625;0.04296875;0.28515625;0.90625;0.05859375;0.29296875;0.3828125;0.45703125;0.07421875;0.11328125;0.1640625
0.51953125;0.05078125;0.01171875;0.7421875;0.55078125;0.04296875;0.01953125;0.78515625;0.171875;0.30859375;0.12109375;0.19921875;0.7890625;0.30859375;0.23046875;0.64453125
0.12890625;0.3671875;0.09375;0.13671875;0.0859375;0.36328125;0.19921875;0.52734375;0.0703125;0.46875;0.359375;0.7421875;0.1484375;0.29296875;0.1484375;0.3671875
0.15234375;0.8671875;0.3671875;0.3359375;0.34765625;0.55078125;0.1015625;0.4296875;0.3671875;0.37109375;0.06640625;0.109375;0.0625;0.3046875;0.2578125;0.09375
0.58984375;0.171875;0.3046875;0.19140625;1.03125;0.2890625;0.234375;0.3984375;0.4375;0.02734375;0.06640625;0.46875;0.80859375;0.046875;0.0078125;0.64453125
0.13671875;0.53125;0.51171875;0.64453125;0.03515625;0.6953125;0.6171875;0.59765625;0.1171875;0.2421875;0.40625;0.1171875;0.375;0.3046875;0.2421875;0.578125
0.05078125;0.53515625;0.078125;0.1484375;0.14453125;0.37109375;0.1484375;0.171875;0.27734375;0.44921875;0.2109375;0.1171875;0.13671875;0.30859375;0.20703125;0.2265625
0.37109375;0.4609375;0.71875;0.73046875;0.11328125;0.171875;0.359375;0.44140625;0.2265625;0.28125;0.67578125;0.31640625;0.31640625;0.01953125;0.7421875;0.57421875
0.3515625;0.671875;0.0859375;0.0234375;0.21875;0.37109375;0.3359375;0.15234375;0.15625;0.484375;0.609375;0.40234375;0.52734375;0.5703125;0.21875;0.25
0.203125;0.3125;0.1328125;0.1328125;0.19921875;0.0625;0.0078125;0.0859375;0.11328125;0.2890625;0.140625;0.3515625;0.359375;0.21484375;0.046875;0.046875
0.8828125;0.77734375;0.24609375;0.12109375;0.5859375;0.390625;0.0234375;0.34765625;0.80859375;0.859375;0.4140625;0.07421875;0.48828125;0.4140625;0.53125;0.0546875
0.12109375;0.08203125;0.58984375;0.57421875;0.0234375;0.1640625;0.57421875;0.07421875;0.33984375;0.3515625;0.125;0.27734375;0.1953125;0.234375;0.3671875;0.33984375
0.55078125;0.09765625;0.58984375;0.1796875;0.53125;0.3828125;0.5859375;0.3671875;0.17578125;0.60546875;0.421875;0.51171875;0.71484375;0.15625;0.43359375;0.1484375
0.10546875;0.4609375;0.23046875;0.42578125;0.19140625;0.05859375;0.7421875;0.4453125;0.59375;0.00390625;0.49609375;0.546875;0.01953125;0.2109375;0.53515625;0.265625
0.03515625;0.44921875;0.05078125;0.046875;0.13671875;0.34375;0.484375;0.13671875;0.1953125;0.0546875;0.265625;0.22265625;0.15625;0.37109375;0.51171875;0.16796875
0.78515625;0.9375;0.2890625;0.609375;0.625;0.78125;0.30859375;0.0703125;0.40234375;0.4140625;0.0859375;0.4765625;0.4765625;0.41796875;0;0.60546875
0.2890625;0.50390625;0.05078125;0.02734375;0.8671875;0.96484375;0.796875;0.1640625;0.62890625;0.53515625;0.265625;0.0546875;0.40234375;0.453125;0.32421875;0.07421875
0.14453125;0.0625;0.109375;0.19921875;0.109375;0.08203125;0.17578125;0.1953125;0.171875;0.00390625;0.08203125;0.15625;0.07421875;0.29296875;0.078125;0.4765625
0.1171875;0.22265625;0.63671875;0.234375;0.5390625;0.01953125;0.65234375;0.2578125;0.8203125;0.3359375;0.58203125;0.19921875;0.2265625;0.2890625;0.44921875;0.5078125
0.203125;0.1328125;0.203125;0.3046875;0.23046875;0.296875;0.078125;0.25;0.5078125;0.05078125;0.0859375;0.60546875;0.16796875;0;0.08203125;0.38671875
0.10546875;0.19140625;0.70703125;0.390625;0.5;0.2265625;0.46484375;0.30078125;0.04296875;0.15234375;0.25390625;0.15625;0.30859375;0.12109375;0.13671875;0.125
0.0546875;0.2734375;0.21875;0.19921875;0.1015625;0.2265625;0.046875;0.34375;0.05078125;0.00390625;0.1875;0.265625;0.203125;0.15234375;0.109375;0.16015625
0.7734375;0.5703125;0.05078125;0;0.2734375;0.63671875;0.13671875;0.15234375;0.30859375;0.1796875;0.2109375;0.27734375;0.04296875;0.41796875;0.18359375;0.0859375
0.6015625;0.03515625;0.8046875;0.046875;0.28125;0.1953125;0.40234375;0.05859375;0.30859375;0.1328125;0.51953125;0.28515625;0.51953125;0.1640625;0.42578125;0.453125
0.58203125;0.11328125;0.17578125;0.3203125;0.5625;0.125;0.03125;0.01953125;0.75390625;0.234375;0.16015625;0.0859375;0.92578125;0.12890625;0.2109375;0.15234375
0.625;0.3515625;0.25;0.67578125;0.390625;0.2421875;0.171875;0.48046875;0.57421875;0.484375;0.34375;1.3125;0.57421875;0.62109375;0.37890625;0.80078125
0.9375;0.1015625;0.421875;0.54296875;1.02734375;0.48828125;0.3359375;0.296875;1.078125;0.04296875;0.58984375;0.52734375;0.66796875;0.21484375;0.5625;0.1953125
0.39453125;0.79296875;0.41015625;0.2890625;0.70703125;0.7578125;0.01953125;0.484375;0.109375;0.40625;0.4609375;0.0703125;0.40625;0.18359375;0.36328125;0.171875
0.63671875;0.30078125;0.04296875;0.3515625;0.55859375;0.49609375;0.109375;0.36328125;0.078125;0.63671875;0.12890625;0.12109375;0.62109375;0.3671875;0.515625;0.46484375
0.59765625;0.46484375;0.171875;0.25390625;0.82421875;0.515625;0.0234375;0.19140625;0.55859375;0.375;0.2265625;0.08203125;0.015625;0.35546875;0.04296875;0.08984375
0.4375;0.2734375;0.94140625;0.7265625;0.83984375;0.1171875;0.5;1.19921875;0.04296875;0.0234375;0.76953125;0.37890625;0.85546875;0.11328125;0.44921875;1.2421875
0.3984375;0.01953125;0.37890625;0.30859375;0.32421875;0.01953125;0.21484375;0.0625;0.09375;0.12109375;0.14453125;0.05078125;0.140625;0.09765625;0.015625;0.05859375
0.21875;1.00390625;0.4375;0.01171875;0.04296875;1.265625;0.70703125;0.16796875;0.66796875;1.1328125;0.296875;0.2109375;0.23828125;0.76171875;0.1875;0.0859375
0.05859375;0.28125;0.578125;0.23828125;0.05859375;0.2578125;0.5859375;0.296875;0.203125;0.6171875;0.32421875;0.3671875;0.140625;0.62890625;0.63671875;0.30078125
0.11328125;0.30859375;0.37109375;0.30859375;0.13671875;0.625;0.09375;0.046875;0.375;0.5234375;0.0234375;0.09375;0.2265625;0.41015625;0.015625;0.1484375
0.54296875;0.6171875;0.55859375;0.01953125;0.2578125;0.5546875;0.3125;0.01171875;0.01171875;0.60546875;0.515625;0.1640625;0.3125;0.31640625;0.08984375;0.12109375
0.71484375;0.25390625;0.234375;0.74609375;0.62890625;0.68359375;0.26953125;1.08984375;0.39453125;0.2734375;0.02734375;0.5;0.4296875;0.546875;0.05859375;0.7890625
0.58203125;0.5859375;0.2890625;0.515625;0.64453125;0.53515625;0.046875;0.53125;0.40234375;0.2734375;0.23046875;0.19140625;0.265625;0;0.22265625;0.24609375
0.67578125;0.5625;0.31640625;0.015625;0.69140625;0.3125;0.00390625;0.12890625;0.67578125;0.27734375;0.35546875;0.2890625;0.53125;0.12890625;0.04296875;0.125
0.1328125;0.16015625;0.11328125;0.7578125;0.1484375;0.23046875;0.2890625;0.46484375;0.08203125;0.015625;0.296875;0.47265625;0.48828125;0.625;0.66015625;0.89453125
0.09765625;0.12890625;0.47265625;0.3125;0.1015625;0.26171875;0.078125;0.42578125;0.12109375;0.2890625;0.25390625;0.84375;0.359375;0.421875;0.28515625;0.2421875
0.296875;0.3046875;0.19140625;0.16796875;0.2265625;0.3203125;0.0078125;0.0703125;0.40234375;0.3203125;0.15625;0.16015625;0.29296875;0.3359375;0.34375;0.27734375
0.69921875;0.14453125;0.48046875;0.125;0.38671875;0.1875;0.7109375;0.75;0.51953125;0.11328125;0.31640625;0.0703125;0.1640625;0.46875;0.0859375;0.29296875
0.19140625;0.44140625;1.08203125;0.90625;0.30859375;0.7421875;0.7890625;1.08984375;0.09765625;0.19140625;0.84375;0.15234375;0.20703125;0.30078125;0.8828125;0.68359375
0.73046875;0.12109375;0.484375;0.6875;0.609375;0.20703125;0.55078125;0.66015625;0.04296875;0.3046875;0.1953125;0.328125;0.91015625;0.16015625;0.65625;0.3984375
0.02734375;0.12890625;0.06640625;0.0078125;0.17578125;0.28125;0.08984375;0.04296875;0.8828125;0.26953125;0.22265625;0.015625;0.26953125;0.2265625;0.21875;0.078125
0.9453125;0.671875;0.4296875;0.4609375;0.61328125;0.08203125;0.02734375;0.91796875;0.53125;0.40625;0.10546875;0.375;0.6171875;0.0546875;0.0234375;0.91015625
0.64453125;0.1484375;0.56640625;0.0234375;0.2734375;0.00390625;0.1328125;0.27734375;0.38671875;0.234375;0.296875;0.02734375;0.8046875;0.12890625;0.15625;0.25
0.234375;0.3515625;0.234375;0.5546875;0.125;0.21484375;0.56640625;0.296875;0.359375;0.140625;0.140625;0.4609375;0.140625;0.03515625;0.07421875;0.1796875
0.1875;0.140625;0.2109375;0.265625;0.23828125;0.16796875;0.2109375;0.296875;0.15625;0.234375;0.19140625;0.015625;0.44921875;0.36328125;0;0.1171875
0.390625;0.328125;0.515625;0.33984375;0.32421875;0.203125;0.6484375;0.19921875;0.31640625;0.11328125;0.63671875;0.1796875;0.23046875;0.47265625;0.1640625;0.12109375
0.46875;0.58984375;0.08203125;0.12890625;0.36328125;0.16796875;0.2421875;0.125;0.43359375;0.30078125;0.52734375;0.66015625;0.12890625;0.421875;0.04296875;0.1640625
0.36328125;0.3046875;1.046875;0.63671875;0.65234375;0.0546875;1.078125;0.8203125;0.11328125;0.2890625;0.515625;0.359375;0.3359375;0.125;0.66015625;0.49609375
0.5234375;0.171875;0.375;0.3125;0.6875;0.20703125;0.3515625;0.34765625;0.625;0.01171875;0.03125;0.26953125;0.26953125;0.03515625;0.19921875;0.24609375
0.94921875;0.51171875;0.28515625;0.6484375;1.0078125;0.4140625;0.484375;0.33984375;0.84375;0.05078125;0.12109375;0.3203125;0.7421875;0.4609375;0.26953125;0.1015625
0.12890625;0.33203125;0.0625;0.453125;0.046875;0.02734375;0.04296875;0.03125;0.1328125;0.109375;0.41015625;1.01171875;0.0234375;0.20703125;0.08203125;0.19140625
0.28515625;0.21484375;0.19140625;0.09765625;0;0.04296875;0.171875;0.23828125;0.28125;0.0546875;0.2578125;0.5234375;0.5390625;0.19921875;0.4140625;0.36328125
0.3671875;0.046875;0.32421875;0.47265625;0.32421875;0.03515625;0.0078125;0.4375;0.61328125;0.05078125;0.19140625;1.015625;0.66015625;0.3359375;0.02734375;0.875
0.05859375;0.1484375;0.7578125;0.015625;0.765625;0.01171875;0.8125;0.37109375;0.1640625;0.23046875;0.72265625;0.09765625;0.0859375;0.1796875;0.55078125;0.1640625
1.9765625;0.15625;0.828125;0.4296875;1.98046875;0.1484375;0.38671875;0.01171875;0.87890625;0.20703125;0.38671875;0.4453125;1.44921875;0.27734375;0.734375;0.39453125
0.33203125;0.0625;0.19921875;0.19140625;0.41015625;0.16015625;0.0703125;0.1640625;0.41015625;0.30078125;0.0859375;0.03515625;0.2265625;0.0859375;0.0234375;0.1171875
0.0390625;0.375;0.42578125;0.30078125;0.015625;0.64453125;0.0859375;0.04296875;0.296875;0.92578125;0.15625;0.01953125;0.3125;0.21484375;0.140625;0.08984375
0.56640625;0.10546875;0.63671875;0.0390625;0.74609375;0.33203125;0.0390625;0.17578125;0.31640625;0.08203125;0.3515625;0.0859375;0.7578125;0.328125;0.01953125;0.19140625
0.2421875;0.76171875;0.36328125;0.61328125;0.32421875;0.60546875;0.078125;0.5703125;0.02734375;0.1796875;0.09375;0.09375;0.09375;0.125;0.140625;0.02734375
0.35546875;0.23828125;0.3125;0.125;0.03125;0.0546875;0.26953125;0.05859375;0.40234375;0.42578125;0.42578125;0.11328125;0.234375;0.23046875;0.25;0.140625
0.890625;0.015625;0.03125;0.75390625;0.953125;0.03515625;0.00390625;0.8984375;0.5078125;0.39453125;0.15234375;0.73828125;0.89453125;0.1484375;0.23046875;0.6171875
0.01953125;0.546875;0.83984375;0.07421875;0.359375;0.21484375;0.80078125;0.1484375;0.515625;0.10546875;0.65625;0.25;0.2265625;0.78515625;0.64453125;0.046875
0.66796875;0.59765625;0.66796875;0.3046875;0.47265625;0.23046875;0.51953125;0.140625;0.58203125;0.4453125;0.5390625;0.01953125;0.296875;0.04296875;0.34375;0.16015625
0.734375;0.1328125;0.15234375;0.3046875;0.63671875;0.484375;0.04296875;0.37109375;0.41796875;0.20703125;0.05859375;0.23828125;0.4765625;0.48828125;0.2109375;0.296875
0.140625;0.2265625;0.265625;0.32421875;0.24609375;0.13671875;0.1953125;0.5703125;0.4375;0.046875;0.0703125;0.4921875;0.17578125;0.25390625;0.328125;0.16796875
0.12890625;0.66796875;0.0234375;0.11328125;0.15625;0.55859375;0.1171875;0.05078125;0.12890625;0.41796875;0;0.171875;0.2890625;0.16015625;0.20703125;0.0390625
0.39453125;0.05859375;0.94921875;0.53515625;0.20703125;0.09375;0.38671875;0.28515625;0.21484375;0.0703125;0.84765625;0.375;0.265625;0.1875;0.671875;0.19921875
0.40625;0.1953125;0.296875;0.24609375;0.1328125;0.15625;0.296875;0.04296875;0.265625;0.1640625;0.42578125;0.171875;0.203125;0.2578125;0.63671875;0.16796875
0.51953125;0.078125;0.24609375;0.1640625;0.37109375;0.04296875;0.1015625;0.08203125;1.2109375;0.25;0.203125;0.390625;1.23828125;0.59375;0.328125;0.8515625
0.1953125;1.05859375;0.73828125;0.03515625;0.36328125;1.08984375;0.96875;0.23046875;0.33984375;0.953125;0.68359375;0.125;0.1796875;0.1875;0.328125;0.203125
0.484375;0.125;0.625;0.1328125;0.171875;0.17578125;0.5546875;0.23828125;0.28125;0.11328125;0.453125;0.18359375;0.56640625;0.09375;0.6015625;0.01953125
0.27734375;0.078125;0.296875;0.78125;0.37890625;0.3671875;0.34765625;0.47265625;0.30078125;0.69140625;0.2578125;0.12109375;0.41015625;0.1796875;0.05859375;0.62109375
0.09375;0.23046875;0.1796875;0.296875;0.6875;0.38671875;0.4140625;0.2109375;0.61328125;0.55859375;0.65234375;0.23828125;0.63671875;0.359375;0.0859375;0.05078125
1.125;0.33203125;1.109375;0.51953125;1.2890625;0.44921875;0.6484375;0.390625;0.5078125;0.33203125;0.671875;0.15625;1.34765625;0.41015625;0.65234375;0.35546875
0.09375;0.28125;0.05859375;0.4375;0.39453125;0.34375;0.37890625;0.08203125;0.37109375;0.15625;0.13671875;0.40625;0.125;0.01953125;0.1015625;0.40625
0.1640625;0.26953125;0.0078125;0.26171875;0.05078125;0.28515625;0.625;0.8203125;0.59765625;0.140625;0.12109375;0.42578125;0.1953125;0.17578125;0.10546875;0.2578125
0.28515625;0.4609375;0.29296875;0.0546875;0.328125;0.51953125;0.31640625;0.0234375;0.27734375;0.22265625;0.37890625;0.22265625;0.2265625;0.60546875;0.3671875;0.02734375
0.06640625;0.46484375;0.34765625;0.04296875;0.0546875;0.19921875;0.12109375;0.2578125;0.109375;0.12890625;0.1171875;0.3671875;0.45703125;0.07421875;0.09375;0.3984375
0.00390625;0.2890625;0.10546875;1.11328125;0.0703125;0.20703125;0.125;0.59375;0.12890625;0.125;0.2578125;0.421875;0.171875;0.00390625;0.05078125;0.59375
0.34375;0.18359375;0.4296875;0.02734375;0.63671875;0.58984375;0.52734375;0.14453125;0.3046875;0.10546875;0.0859375;0.125;0.5078125;0.1953125;0.02734375;0.171875
0.7578125;0.8125;0.94140625;0.76953125;0.8984375;0.76953125;0.94140625;0.64453125;0.609375;0.25;0.33984375;0.1328125;0.33984375;0.671875;0.48046875;0.36328125
0.03125;0.6484375;0.09375;0.3125;0.11328125;0.5625;0.2265625;0.0078125;0.08984375;0.34765625;0.203125;0.1796875;0.29296875;0.28515625;0.3984375;0.15234375
0.16015625;0.2578125;0.171875;0.5234375;0.25;0.2265625;0.25390625;0.3984375;0.51171875;0.25;0.02734375;0.66015625;0.6328125;0.35546875;0.4765625;0.76171875
0.36328125;0.078125;0.42578125;0.23828125;0.078125;0.26953125;0.171875;0.1171875;0.36328125;0.23046875;0.390625;0.08203125;0.15234375;0.90625;0.2265625;0.52734375
0.046875;0.05859375;0;0.37109375;0.04296875;0.0859375;0.09375;0.2734375;0.14453125;0.07421875;0.0234375;0.91796875;0.171875;0.16015625;0.12890625;1.05078125
0.015625;0.76171875;0.37109375;0.66796875;0.09375;0.58203125;0.65625;0.3359375;0.1171875;0.6875;0.5390625;0.640625;0.20703125;0.2421875;0.23828125;0.23046875
0.1796875;0.9453125;0.77734375;0.13671875;0.484375;1.16015625;1.09765625;0.69140625;0.0703125;0.59375;0.1953125;0.16796875;0.296875;0.625;0.3828125;0.33203125
1.0859375;0.453125;0.11328125;0.265625;1.08203125;0.7109375;0.1171875;0.1171875;0.484375;0.6875;0.11328125;0.296875;1.2890625;0.28515625;0.109375;0.421875
0.58203125;0.1484375;0.4140625;0.01953125;0.48046875;0.296875;1.00390625;0.00390625;0.46484375;0.3046875;0.76171875;0.2578125;0.16796875;0.08984375;0.4921875;0.05859375
0.12890625;0.984375;1.14453125;0.21484375;0.42578125;0.67578125;1.27734375;0.328125;0.265625;0.45703125;0.74609375;0.41015625;0.4921875;0.65625;1.265625;0.359375
0.05078125;0.58203125;0.7109375;0.41796875;0.0546875;0.28125;0.14453125;0.4765625;0.01171875;0.33984375;0.2890625;0.17578125;0.04296875;0.515625;0.3125;0.14453125
0.07421875;0.23828125;0.55859375;0.4140625;0.46875;0.48828125;0.078125;0.05078125;0.125;0.12109375;0.6953125;0.21484375;0.01171875;0.0078125;0.2421875;0.14453125
0.4609375;0.2890625;0.02734375;0.7265625;0.48828125;0.28515625;0.01171875;0.828125;0.16015625;0.09375;0.03125;0.265625;0.39453125;0.20703125;0.22265625;0.6953125
0.015625;0.8984375;0.12890625;0.21484375;0.2890625;0.765625;0.04296875;0.30078125;0.5;0.72265625;0.03125;0.42578125;0.046875;0.55859375;0.0078125;0.3203125
0.54296875;0.0859375;0.5703125;0.44921875;0.16796875;0.05859375;0.2421875;0.21484375;0.07421875;0.0703125;0.046875;0.21875;0.07421875;0.01953125;0.2265625;0.1015625
0.95703125;0.0234375;0.68359375;0.44921875;0.875;0.03515625;0.66796875;0.71484375;0.27734375;0.0546875;0.2421875;0.53125;0.28125;0.02734375;0.296875;0.74609375
0.8671875;0.60546875;0.58984375;0.29296875;0.84375;0.953125;0.78125;0.0859375;0.40234375;0.74609375;0.36328125;0.2421875;0.07421875;0.5234375;0.44921875;0.21484375
0.8046875;0.359375;0.02734375;0.48046875;0.765625;0.5;0.06640625;0.3984375;0.234375;0.36328125;0.05859375;0.36328125;0.3359375;0.11328125;0.0859375;0.046875
0.35546875;0.0390625;0.08203125;0.35546875;0.12109375;0.16796875;0.16015625;0.2890625;0.09765625;0.16796875;0.34375;0.4921875;0.0703125;0.2578125;0.20703125;0.578125
0.2734375;0.53515625;0.12109375;0.15234375;0.01171875;0;0.0546875;0.078125;0.1796875;0.1328125;0.0625;0.328125;0.375;0.2421875;0.1171875;0.05078125
0.02734375;0.35546875;1.2265625;1.09375;0.078125;0.42578125;0.80859375;0.80859375;0.203125;0.640625;1.85546875;1.56640625;0.5390625;0.8125;1.83203125;1.19921875
0.3203125;0.0703125;0.0078125;0.52734375;0.0546875;0.29296875;0.19921875;0.53125;0.34375;0.0234375;0.05078125;0.61328125;0.4765625;0.16015625;0.35546875;0.19921875
0.9375;0.296875;0.86328125;0.56640625;0.55859375;0.390625;1.15625;0.1015625;0.68359375;0.23828125;0.421875;0.140625;0.7890625;0.03125;0.9140625;0.40234375
0.23046875;0.28125;0.09765625;0.33984375;0.3671875;0.109375;0.05078125;0.30859375;0.24609375;0.265625;0.34375;0.1796875;0.26171875;0.171875;0.1796875;0.1640625
0.546875;0.05859375;0.37890625;0.34765625;0.46875;0.046875;0.60546875;0.484375;0.24609375;0.13671875;0.515625;0.12109375;0.125;0.15234375;0.40625;0.0859375
1.05078125;0.05859375;0.3984375;0.16796875;1.27734375;0.25390625;0.01171875;0.046875;0.45703125;0.05078125;0.1328125;0.09765625;1.31640625;0.29296875;0.03515625;0.0625
0.8828125;0.72265625;0.28515625;0.79296875;0.65625;0.02734375;0.2109375;0.35546875;0.32421875;0.33203125;0.04296875;0.265625;0.453125;0.515625;0.5390625;0.50390625
0.2265625;0.66015625;0.11328125;0.25390625;0.23828125;0.2109375;0.25;0.07421875;0.26953125;0.6953125;0.11328125;0.10546875;0.015625;0.25;0.15625;0.00390625
0.03515625;0.3515625;0.4296875;0.46875;0.0546875;0.44140625;0.48046875;0.4921875;0.3046875;0.0234375;0.23046875;0.4375;0.1015625;0.07421875;0.65234375;0.57421875
0.6875;0.42578125;0.09765625;0.1484375;0.6015625;0.23828125;0.12890625;0.48828125;0.62109375;0.1015625;0.28515625;0.51953125;0.77734375;0.4140625;0.1328125;0.25
0.24609375;0.5234375;0.3125;0.04296875;0.2109375;0.125;0;0.171875;0.37109375;0.3203125;0.25390625;0.140625;0.06640625;0.08984375;0.03515625;0.08984375
0.2265625;0.23828125;0.09765625;0.73828125;0.57421875;0.328125;0.05859375;0.85546875;0.05859375;0.11328125;0.25390625;0.49609375;0.1875;0.19140625;0.296875;0.6171875
0.08984375;0.70703125;0.37890625;0.97265625;0.31640625;0.4296875;0.4375;0.640625;0.421875;0.7578125;0.015625;0.3828125;0.7421875;1.81640625;0.7421875;1.73046875
0.16015625;0.109375;0.75;0.32421875;0.078125;0.6875;0.65234375;0.35546875;0.04296875;0.15625;0.8359375;0.21875;0.22265625;0.1328125;0.7734375;0.14453125
0.08203125;0.4375;0.234375;0.43359375;0.0546875;0.375;0.1796875;0.15234375;0.18359375;0.32421875;0.1640625;0.37109375;0.046875;0.48828125;0.02734375;0.34375
0.51171875;0.6796875;0.796875;0.80859375;0.79296875;0.19140625;0.03515625;0.39453125;0.1875;0.4453125;0.68359375;0.39453125;0.70703125;0.21484375;0.1484375;0.6953125
0.2265625;0.0234375;0.58203125;0.28515625;0.67578125;0.2890625;0.78515625;0.0859375;0.5078125;0.44921875;0.64453125;0.125;0.375;0.1953125;0.515625;0.09375
0.3046875;0.35546875;0.0703125;0.1484375;0.25;0.67578125;0.26171875;0.2890625;0.84765625;0.890625;0.0390625;0.63671875;0.50390625;0.6875;0.15234375;0.46484375
0.13671875;0.12890625;0.2734375;0.1640625;0.11328125;0.046875;0.484375;0.1015625;0.25;0.13671875;0.453125;0.3671875;0.17578125;0.1953125;0.03125;0.41015625
0.01953125;0.0703125;0.40234375;0.83203125;0.0390625;0.08203125;0.296875;0.3671875;0.03125;0.04296875;0.40234375;0.61328125;0.03125;0.02734375;0.4296875;0.80859375
0.04296875;0.2734375;0.36328125;0.02734375;0.890625;0.22265625;1.2578125;0.33203125;1.06640625;0.58984375;1.38671875;0.2421875;0.8203125;0.4375;0.953125;0.28515625
0.78125;0.484375;0.44140625;0.8671875;0.3671875;0.2578125;0.5390625;0.17578125;0.48046875;0.06640625;0.515625;0.21484375;0.67578125;0.42578125;0.1875;0.80859375
0.1484375;0.00390625;0.27734375;0.28515625;0.2734375;0.3125;0.3046875;0.59765625;0.203125;0.1171875;0.53515625;0.44140625;0.48828125;0.5859375;0.3515625;0.33984375
0.53515625;0.27734375;0.109375;0.4609375;0.15625;0.06640625;0.19140625;0.6015625;0.3203125;0.37109375;0.12890625;0.0703125;0.1484375;0.1640625;0.01171875;0.0234375
0.40234375;0.00390625;0.13671875;0.67578125;0.1875;0.0390625;0.31640625;0.2890625;0.375;0.08984375;0.2578125;0.5625;0.2265625;0.0625;0.2890625;0.37890625
0.11328125;0.421875;0.3359375;0.828125;0.1015625;0.42578125;0.25390625;0.765625;0.03515625;0.53515625;0.54296875;1.0390625;0.0859375;0.56640625;0.4453125;0.61328125
0.50390625;0.27734375;0.24609375;0.14453125;0.3359375;0.53125;0.08984375;0.08203125;0.078125;0.6484375;0.32421875;0.140625;0.41015625;0.140625;0.27734375;0.02734375
0.33984375;0.078125;0.32421875;0.03515625;0.359375;0.17578125;0.44921875;0.171875;0.53125;0.27734375;0.1484375;0.21875;0.29296875;0.09765625;0.3359375;0.09375
0.3515625;0.296875;0.16796875;0.58203125;0.0703125;0.953125;0.64453125;0.6015625;0.45703125;0.43359375;0.36328125;0.8671875;0.74609375;0.77734375;0.23046875;1.1640625
0.29296875;0.578125;0.6328125;0.22265625;0.15625;0.13671875;0.12109375;0.109375;0.46875;0.3984375;0.3828125;0.109375;0.37109375;0.4765625;0.59375;0.19140625
0.46875;0.421875;0.84375;0.43359375;0.42578125;0.21875;0.7734375;0.73046875;0.75;0.421875;0.9296875;0.71484375;0.25390625;0.08984375;0.88671875;0.4453125
0.55078125;0.91796875;0.00390625;0.0546875;0.4921875;0.88671875;0.0625;0.00390625;0.19140625;0.40234375;0.42578125;0.1796875;0.59375;0.90625;0.12109375;0.02734375
0.734375;0.1875;0.01953125;0.21484375;0.34375;0.0078125;0.02734375;0.16015625;0.18359375;0.01171875;0.0703125;0.05078125;0.11328125;0.0078125;0.03125;0.09765625
0.35546875;0.38671875;0.17578125;0.3359375;0.59375;0.41015625;0.04296875;0.015625;0.91015625;0.828125;0.39453125;0.0078125;0.6875;0.69921875;0.3359375;0.03125
0.046875;0.1796875;0.12890625;0.171875;0.38671875;0.34375;0.203125;0.08203125;0.51953125;0.4140625;0.42578125;0.42578125;0.12890625;0.16015625;0.03515625;0.1171875
0.09375;0.5859375;0.6328125;0.9765625;0.26953125;0.28125;0.3671875;0.23046875;0.12890625;0.67578125;0.6015625;0.84375;0.20703125;0.625;0.47265625;0.75
0.16796875;0.29296875;0.12890625;0.234375;0.140625;0.01171875;0.80078125;0.59375;0.1640625;0.24609375;0.54296875;0.8203125;0.08984375;0.453125;0.15234375;0.85546875
0.1796875;0.640625;0.00390625;0.234375;0.23828125;0.21875;0.4921875;0.25;0.07421875;0.046875;0.2734375;0.02734375;0.140625;0.7265625;0.07421875;0.09375
0.80078125;1.17578125;0.59765625;0.16796875;0.92578125;1.11328125;0.234375;0.37109375;0.796875;0.91015625;0.22265625;0.4296875;0.5078125;0.6796875;0.35546875;0.640625
0.81640625;0.9296875;0.1953125;0.18359375;0.21875;0.625;0.08203125;0.28515625;0.82421875;0.87890625;0.51953125;0.01953125;0.3671875;0.49609375;0.37890625;0.1328125
0.20703125;0.0625;0.1328125;0.09375;0.28515625;0.21875;0.0390625;0.03125;0.32421875;0.25;0.171875;0.0390625;0.26953125;0.22265625;0.23046875;0.0234375
0.90234375;0.0546875;0.8515625;0.36328125;0.8671875;0.15234375;0.89453125;0.15234375;1.140625;0.234375;0.6796875;0.5234375;0.74609375;0.11328125;0.9765625;0.4921875
0.42578125;0.0078125;0.015625;0.50390625;0.5546875;0.3203125;0.140625;0.71484375;0.1875;0.08203125;0.15234375;0.35546875;0.12890625;0.046875;0.0703125;0.32421875
0.47265625;0.04296875;0.265625;0.2578125;0.2890625;0.19921875;0.63671875;0.41015625;0.12109375;0.109375;0.16796875;0.1640625;0.43359375;0.10546875;0.3203125;0.30078125
0.04296875;0.5546875;0.04296875;0.796875;0.25390625;0.05078125;0.30859375;0.3125;0.20703125;0.23046875;0.2109375;0.02734375;0.17578125;0.87109375;0.015625;1.0546875
0.35546875;0.16015625;0.1015625;0.08984375;0.01171875;0.60546875;0.015625;0.22265625;0.05859375;0.015625;0.2109375;0.515625;0.04296875;0.140625;0.078125;0.26171875
0.43359375;0.31640625;0.51953125;0.44921875;0.625;0.12890625;0.58203125;0.3125;0.55078125;0.48828125;0.5625;0.5546875;0.52734375;0.09765625;0.546875;0.42578125
0.77734375;0.28125;0.375;0.515625;0.94921875;0.4140625;0;0.23046875;0.39453125;0.25390625;0.2109375;0.21484375;0.96875;0.46484375;0.17578125;0.1875
0.4609375;0.41796875;0.39453125;0.48046875;0.20703125;0.3203125;0.30859375;0.9296875;0.4140625;0.53125;0.26171875;0.58203125;0.2421875;0.0625;0.24609375;0.6953125
0.953125;0.3203125;0.453125;0.1875;0.57421875;0.13671875;0.1953125;0.30859375;1.2578125;0.1640625;0.64453125;0.55859375;1;0.1328125;0.54296875;0.40625
0.26171875;0.203125;0.25390625;0.0390625;0.3984375;0.0859375;0.26171875;0.12109375;0.41015625;0.28515625;0.5;0.17578125;0.08984375;0.48046875;0.30078125;0.08203125
0.06640625;0.51171875;0.5234375;0.09765625;0.28125;0.31640625;0.13671875;0.15625;0.19921875;0.62109375;0.23046875;0.05859375;0.3359375;0.4296875;0.0859375;0.109375
0.1171875;0.296875;0.140625;0.1875;0.7109375;0.72265625;0.015625;0.16015625;0.4609375;1.01953125;0.1484375;0.171875;0.43359375;0.828125;0.41796875;0.00390625
0.60546875;0.1171875;0.45703125;0.65234375;0.20703125;0.1953125;0.86328125;0.72265625;0.35546875;0.27734375;0.6171875;0.66015625;0.375;0.4453125;0.4609375;0.44140625
0.54296875;0.28125;0.765625;0.2578125;0.1953125;0.04296875;0.15625;0.015625;0.39453125;0.19921875;0.09765625;0.25;0.4140625;0.30859375;0.70703125;0.2734375
0.66015625;1.86328125;0.90234375;0.08203125;0.46484375;1.43359375;0.6796875;0.0078125;0.30859375;1.4140625;0.65625;0.04296875;0.01171875;0.69921875;0.24609375;0.0078125
0.09765625;0.23828125;0.44921875;0.28515625;0.05078125;0.25390625;0.05859375;0.22265625;0.078125;0.62890625;0.07421875;0.47265625;0.078125;0.52734375;0.09765625;0.5
0.1015625;0.93359375;0.08203125;0.0703125;0.30078125;0.921875;0.10546875;0.109375;0.1484375;0.80078125;0.265625;0.35546875;0.19921875;0.70703125;0.16796875;0.22265625
0.03515625;0.5546875;0.55859375;0.21875;0.11328125;0.66015625;0.92578125;0.296875;0.4609375;0.4921875;0.38671875;0.03515625;0.07421875;0.3984375;0.5;0.16015625
0.25390625;0.53125;0.45703125;0.80078125;0.484375;0.328125;0.44140625;0.76171875;0.25;0.37890625;0.046875;0.44140625;0.25;0.47265625;0.46484375;0.78125
0.296875;0.59765625;0.0703125;0.77734375;0.66015625;0.08203125;0.125;0.37890625;0.42578125;0.21484375;0.58984375;0.35546875;0.4296875;0.6171875;0.1484375;1.15234375
0.93359375;0.08984375;0.203125;0.296875;0.390625;0.3359375;0.03125;0.140625;0.7578125;0.0625;0.25;0.546875;0.8515625;0.16796875;0.09765625;0.41796875
0.3046875;0.16796875;0.53515625;0.70703125;0.46875;0.64453125;0.578125;0.9921875;0.6484375;0.5625;0.9375;1.0625;0.27734375;0.3203125;0.41796875;0.78125
0.11328125;0.390625;0.40234375;0.33984375;0.18359375;0.1953125;0.5625;0.05859375;0.17578125;0.15234375;0.140625;0.7890625;0.1875;0.140625;0.33203125;0.09765625
0.5;0.15625;0.42578125;0.2109375;0.015625;0.21484375;0.265625;0.35546875;0.2421875;0.3671875;0.4296875;0.25390625;0.26171875;0.1640625;0.02734375;0.046875
0.1015625;0.29296875;0.31640625;0.3359375;0.578125;0.08984375;0.25390625;0.140625;0.53515625;0.2578125;0.62890625;0.2421875;0.41015625;0.01171875;0.3515625;0.08203125
0.12109375;0.02734375;0.45703125;0.3203125;0.1796875;0.375;0.796875;0.4765625;0.21875;0.48046875;1.23046875;0.7421875;0.21484375;0.09375;0.5234375;0.01953125
0.2734375;0.26171875;0.015625;0.734375;0.3125;0.19921875;0.2734375;0.3828125;0.03515625;0.32421875;0.17578125;0.65234375;0.109375;0.28515625;0.33984375;0.65234375
0.02734375;0.109375;0.0859375;0.07421875;0.265625;0.2421875;0.0078125;0.06640625;0.37890625;0.140625;0.1328125;0.21875;0.75390625;0.0859375;0.08203125;0.22265625
0.78125;0.40234375;0.453125;0.484375;0.45703125;0.25;0.12890625;0.65234375;0.5078125;0.2578125;0.19140625;0.609375;0.72265625;0.47265625;0.328125;0.28515625
0.0546875;0.1640625;0.6796875;0.17578125;0.4609375;0.15234375;0.65625;0.0859375;0.84375;0.01953125;0.2421875;0.41796875;0.234375;0.30078125;0.6484375;0.375
0.36328125;0.37890625;0.25390625;1.1171875;0.51171875;0.5703125;0.3984375;1.07421875;0.109375;0.17578125;0.29296875;0.5390625;0.03125;0.15234375;0.25390625;0.1015625
0.1015625;0.265625;0.3359375;0.3125;0.01171875;0.27734375;0.421875;0.21484375;0.0546875;0.15234375;0.484375;0.24609375;0.01953125;0.1796875;0.44921875;0.24609375
0.45703125;0.25;0.78515625;0.1796875;0.45703125;0.078125;0.98046875;0.375;0.44140625;0.33984375;0.5234375;0.01953125;0.69921875;0.4921875;0.734375;0.3515625
0.51953125;0.0703125;0.6796875;0.55859375;0.67578125;0.5546875;0.7109375;0.79296875;0.3671875;0.5390625;0.05078125;0.14453125;0.53515625;0.01953125;0.6328125;0.25390625
0.56640625;0.38671875;0.8046875;0.7734375;0.5;0.1015625;1.01171875;0.78125;0.14453125;0.0234375;0.37109375;0.3359375;0.5390625;0.3515625;0.77734375;0.75390625
0.86328125;0.03515625;0.46875;0.41796875;0.55078125;0.24609375;0.21484375;0.26953125;0.17578125;0.07421875;0.359375;0.265625;0.89453125;0.06640625;0.86328125;0.5078125
1.18359375;0.32421875;0.32421875;0.0234375;0.60546875;0.23046875;0.32421875;0.28515625;0.90234375;0.2421875;0.140625;0.01171875;1.11328125;0.12890625;0.35546875;0.1640625
0.0546875;0.01171875;0.45703125;1.16015625;0.02734375;0.08203125;0.12890625;0.11328125;0.01953125;0.203125;0.34375;0.8046875;0.03515625;0.04296875;0.12890625;0.79296875
0.19140625;0.35546875;0.24609375;0.23828125;0.01171875;0.1328125;0.0390625;0.078125;0.33984375;0.31640625;0.1015625;0.44140625;0.203125;0.08203125;0.046875;0.046875
0.48046875;0.38671875;0.15234375;0.609375;0.54296875;0.33203125;0.5;0.890625;0.58203125;0.328125;0.1953125;0.76171875;0.3125;0.13671875;0.28125;0.54296875
0.40625;0.18359375;0.546875;0.37109375;0.0390625;0.16796875;0.4296875;0.0390625;0.1953125;0.03515625;1.0234375;0.23828125;0.03125;0.15625;0.671875;0.1640625
0.73046875;0.14453125;0.5859375;0.1640625;1.0234375;0.32421875;0.45703125;0.40234375;1.65625;0.4765625;0.765625;0.70703125;0.63671875;0.0625;0.12890625;0.1484375
0.546875;0.390625;0.2265625;0.07421875;0.2578125;0.0234375;0.0859375;0.0546875;0.53125;0.4140625;0.11328125;0.078125;0.40625;0.40625;0.1484375;0.16015625
0.1171875;0.1640625;0.27734375;0.234375;0.29296875;0.54296875;0.0234375;0.01953125;0.7265625;0.3203125;0.16796875;0.27734375;0.734375;0.57421875;0.1953125;0.3984375
0.4140625;0.171875;0.43359375;0.19140625;0.52734375;0.37890625;0.20703125;0.07421875;0.4296875;0.1484375;0.3046875;0.15625;0.328125;0.24609375;0.34765625;0.0234375
0.65234375;1.09375;0.1875;0.9140625;0.15625;0.98828125;0.03125;0.45703125;0.17578125;0.6796875;0.12890625;0.69921875;0.3203125;0.4765625;0.45703125;0.296875
0.55859375;0.3359375;0.5625;0.26171875;0.5390625;0.2890625;0.6015625;0.390625;0.26171875;0.1875;0.37109375;0;0.10546875;0.09765625;0.171875;0.11328125
0.90234375;0.03515625;0.08203125;0.890625;0.66015625;0.1171875;0.2109375;0.734375;1.02734375;0.3203125;0.15625;1.140625;0.9296875;0.34375;0.2265625;1.1640625
0.5390625;0.21484375;1.125;0.26953125;0.48828125;0.109375;1.0390625;0.26953125;0.734375;0.48828125;1.01171875;0.36328125;0.296875;0.79296875;1.5078125;0.18359375
0.59765625;0.35546875;0.5;0;0.87890625;0.28125;0.7265625;0.09765625;0.5625;0.41796875;0.5703125;0.24609375;0.578125;0.0625;0.44140625;0.109375
0.046875;0.23046875;0.08984375;0.24609375;0.33203125;0.0546875;0.2734375;0.2734375;0.03515625;0.08984375;0.06640625;0.1953125;0.0078125;0.171875;0.15625;0.23828125
0.0703125;0.27734375;0.5859375;0.0859375;0.796875;0.12109375;0.09765625;0.8984375;0.25390625;0.34375;0.3828125;0.11328125;0.0625;0.46484375;0.8671875;0.140625
0.37890625;0.3828125;0.38671875;0.1953125;0.03515625;0.35546875;0.2890625;0.06640625;0.12890625;0.28515625;0.05859375;0.19140625;0.3359375;0.2890625;0.24609375;0.1875
0.05859375;0.00390625;0.99609375;0.25390625;0.48828125;0.1875;0.7421875;0.25390625;0.39453125;0.24609375;0.91796875;0.0546875;0.02734375;0.02734375;1;0.390625
0.703125;0.3359375;0.41015625;0.25;0.375;0.2421875;0.84375;0.19921875;0.33984375;0.06640625;0.0703125;0.16796875;0.39453125;0.203125;0.8046875;0.109375
1.07421875;0.578125;0.51171875;0.81640625;1.203125;0.50390625;0.26953125;0.50390625;0.91015625;0.46484375;0.35546875;0.65234375;0.67578125;0.0859375;0.03125;0.08203125
0.48046875;0.703125;0.6015625;0.01171875;0.19921875;0.765625;0.37890625;0.17578125;0.2734375;1.109375;1.04296875;0.07421875;0.328125;0.84375;0.6796875;0.08203125
0.48828125;0.02734375;0.359375;0.03515625;0.4140625;0.37109375;0.51171875;0.03515625;0.6171875;0.24609375;0.73046875;0.05078125;0.046875;0.0859375;0.28515625;0.24609375
0.13671875;0.5390625;0.84765625;0.09765625;0.26171875;0.23828125;0.24609375;0.328125;0.2734375;0.62890625;0.66796875;0.0859375;0.3515625;0.453125;0.7421875;0.21484375
0.08984375;0.203125;0.04296875;0.21484375;0.8125;0.5;0.50390625;0.1640625;0.58203125;0.2265625;0.5234375;0.15625;0.22265625;0.08984375;0.640625;0.1015625
1.19140625;0.2265625;0.7890625;0.453125;0.51171875;0.484375;0.59375;0.11328125;0.6953125;0.44140625;0.515625;0.21484375;1.1015625;0.08984375;0.87890625;0.36328125
0.22265625;0.33984375;0.34375;0.1484375;0.00390625;0.21484375;0.5078125;0.1953125;0.43359375;0.44921875;0.30078125;0.11328125;0.3359375;0.03515625;0.296875;0.66796875
0.52734375;0.38671875;0.05078125;0.73046875;0.34375;0.34765625;0.09765625;0.3828125;0.26171875;0.28515625;0.2578125;0.6953125;0.015625;0.19921875;0.26171875;0.2890625
0.33203125;0.3828125;0.34375;0.01953125;0.359375;0.1875;0.3203125;0.0390625;0.43359375;0.3671875;0.609375;0.04296875;0.4375;0.3203125;0.546875;0.109375
0.07421875;0.21875;0.07421875;0.3515625;0.203125;0.3203125;0.1171875;0.703125;0.4609375;0.2109375;0.08203125;0.0703125;0.2265625;0.4921875;0.44140625;0.109375
0.05078125;0.0625;0.15625;0.29296875;0.05078125;0.12890625;0.33984375;0.765625;0.05859375;0.16796875;0.05859375;0.9375;0.02734375;0.078125;0.0078125;0.3828125
0.29296875;0.26171875;0.33984375;0.28125;0.26171875;0.26953125;0.53125;0.1484375;0.35546875;0.23046875;0.13671875;0.12890625;0.27734375;0.22265625;0.3359375;0.27734375
0.57421875;0.93359375;0.43359375;1.0078125;0.88671875;0.7578125;0.87109375;0.3125;0.4296875;0.9140625;0.875;0.66015625;0.7109375;1.6328125;0.8515625;1.55859375
0.1484375;0.25;0.578125;0.07421875;0.04296875;0.4921875;0.04296875;0.0625;0.16015625;0.1640625;0.3359375;0.59375;0.07421875;0.1875;0.578125;0.32421875
0.64453125;0.3046875;0.265625;0.8203125;0.4609375;0.359375;0.53125;0.71484375;0.734375;0.421875;0.87890625;1.0078125;0.625;0.296875;0.0625;0.76171875
0.640625;0.24609375;0.63671875;0.22265625;0.55078125;0.69140625;0.48046875;0.03125;0.078125;0.21875;0.04296875;0.15234375;0.6875;0.79296875;0.5;0.09765625
0.0625;0.140625;0.18359375;0.7890625;0.16796875;0.14453125;0.03125;0.84375;0.234375;0.08984375;0.01953125;0.8125;0.03125;0.02734375;0.046875;0.33203125
0.26953125;0.36328125;0.640625;0.21875;0.09375;0.46484375;0.1796875;0.3984375;0.078125;0.81640625;0.671875;0.6328125;0.125;0.58984375;0.52734375;0.50390625
0.28515625;0.1953125;0.02734375;0.29296875;0.33984375;0.51953125;0.19140625;0.39453125;0.234375;0.8046875;0.44140625;0.234375;0.10546875;0.5390625;0.2265625;0.1796875
0.21484375;0.91015625;0.46484375;0.484375;0.69140625;0.34375;0.1171875;0.05078125;0.54296875;0.9375;0.3359375;0.34765625;0.796875;0.82421875;0.32421875;0.11328125
0.31640625;0.171875;0.17578125;0.0625;0.56640625;0.16796875;0.88671875;0.0390625;0.796875;0.33203125;0.41015625;0.08984375;0.8203125;0.3828125;0.1171875;0.11328125
0.36328125;0.7109375;0.77734375;0.015625;0.3359375;0.51171875;1.10546875;0.62109375;0.06640625;0.5390625;0.890625;0.36328125;0.375;0.53125;0.5390625;0.03125
0.04296875;0.28515625;0.4375;0.71484375;0.1171875;0.38671875;0.1171875;0.5078125;0.03125;0.58203125;0.1875;0.44140625;0.00390625;0.4609375;0.98046875;0.33203125
0.234375;0.45703125;1.0703125;0.53515625;0.13671875;0.42578125;0.93359375;0.66796875;0.26171875;0.34765625;0.49609375;0.18359375;0.09375;0.125;0.07421875;0.09765625
0.39453125;0.3203125;0.046875;0.72265625;0.08984375;0.26953125;0.12890625;0.48828125;0.12890625;0.3515625;0.0390625;0.76171875;0.0546875;0.25;0.09375;0.671875
0.40625;0.88671875;0.07421875;0.4921875;0.5625;0.94140625;0.078125;0.3515625;0.4375;0.77734375;0.01953125;0.7421875;0.1328125;1.265625;0.2109375;0.6484375
0.08984375;0.00390625;0.05859375;0.19921875;0.43359375;0.04296875;0.16015625;0.16015625;0.3828125;0.06640625;0.4453125;0.31640625;0.21484375;0.11328125;0.1640625;0.03515625
0.94921875;0.09765625;0.3828125;0.171875;1.203125;0.08984375;0.59375;0.1015625;0.3359375;0.1015625;0.08203125;0.33203125;0.984375;0.08203125;0.359375;0.11328125
0.4609375;0.859375;0.0625;0.5625;0.4609375;1.29296875;1.1953125;0.1640625;0.4296875;0.3359375;0.62109375;0.4765625;0.55078125;1.20703125;0.5078125;1.06640625
0;0.28515625;0.27734375;0.03125;0.765625;0.3828125;0.23828125;0.5;0.1015625;0.4765625;0.1171875;0.26171875;0.1171875;0.3828125;0.16796875;0
0.06640625;0.125;0.1875;0.62890625;0.0625;0.203125;0.0625;0.5234375;0.04296875;0.08984375;0.16796875;0.7578125;0;0.265625;0.41796875;0.58984375
0.65625;1.078125;0.24609375;0.0078125;0.33203125;0.55078125;0.01171875;0.4765625;0.0703125;0.21484375;0.19140625;0.14453125;0.51171875;0.703125;0.1015625;0.28515625
0.58203125;0.4921875;1.48046875;0.69921875;0.40625;0.58984375;1.3671875;0.94140625;0.3671875;0.82421875;1.34375;0.9765625;0.03125;0.28125;0.828125;0.66796875
0.0546875;0.3515625;0.296875;0.5546875;0.08984375;0.1328125;0.1484375;0.30859375;0.421875;0.1015625;0.12890625;0.6171875;0.2265625;0.0703125;0.08203125;0.55078125
0.47265625;0.140625;0.52734375;0.3671875;0.6171875;0.15234375;0.9765625;0.1015625;1.03125;0.07421875;1.14453125;0.421875;0.4140625;0.4453125;0.16796875;0.10546875
0.2109375;0.16796875;0.46484375;0.9453125;0.1484375;0.0234375;0.05078125;0.21484375;0.32421875;0.18359375;0.39453125;0.68359375;0.3359375;0.08203125;0.171875;0.703125
0.14453125;0.0859375;0.22265625;0.08203125;0.50390625;0.08203125;0.7421875;0.6015625;0.671875;0.12890625;0.84765625;0.625;0.6640625;0.11328125;0.68359375;0.3828125
0.95703125;0.16015625;0.171875;0.1875;0.6796875;0.015625;0.046875;0.015625;0.71484375;0.08984375;0.01953125;0;0.75;0.1171875;0.21484375;0.3359375
0.91015625;0.19921875;0.3828125;0.54296875;0.77734375;0.41796875;0.078125;0.2578125;0.89453125;0.48046875;0.70703125;0.7421875;0.61328125;0.61328125;0.15234375;0.69921875
0.5;1.3828125;0.10546875;0.50390625;0.49609375;1.32421875;0.05859375;0.49609375;0.09375;0.62109375;0.21875;0.1875;0.08984375;0.109375;0.17578125;0.00390625
0.01171875;0.43359375;0.375;0.48828125;0.15234375;0.296875;0.140625;0.4375;0.296875;0.46484375;0.44140625;0.80859375;0.25390625;0.46484375;0.390625;0.67578125
0.75;0.359375;0.26171875;0.72265625;0.5546875;0.21484375;0.328125;0.75390625;0.953125;0.18359375;0.30859375;0.7109375;1.15234375;0.6953125;0.0859375;0.4609375
0.43359375;0.37109375;0.2734375;0.11328125;0.55078125;0.19140625;0.0703125;0.1328125;0.1953125;0.359375;0.18359375;0.01171875;0.4609375;0.1796875;0.1171875;0.0546875
0.53125;0.1015625;0.046875;0.703125;0.47265625;0.1640625;0.2421875;0.74609375;0.140625;0.23046875;0.04296875;0.3203125;0.51953125;0.09375;0.07421875;0.6796875
0.1875;0.53125;0.10546875;0.2265625;0.3046875;0.09375;0.93359375;0.72265625;0.45703125;0.1015625;0.484375;0.20703125;0.75390625;0.03125;0.9140625;0.2578125
0.36328125;0.12109375;0.66796875;0.17578125;0.07421875;0.625;0.90234375;0.68359375;0.21875;0.6640625;1.07421875;0.87109375;0.0078125;0.54296875;0.6640625;0.5078125
0.1796875;0.25390625;0.1953125;0.25;0.27734375;0.12109375;0.375;0.35546875;0.25390625;0.65625;0.01171875;0.375;0.05859375;0.36328125;0.15234375;0.2421875
0.08984375;0.41015625;0.765625;0.7265625;0.5546875;0.33984375;0.38671875;0.8359375;0.5;0.12109375;0.140625;0.53125;0.75;0.53125;0.484375;0.25390625
0.33203125;0.390625;0.5234375;0.046875;0.26953125;0.203125;0.421875;0.13671875;0.81640625;0.3203125;0.9765625;0.17578125;0.4609375;0.2265625;0.671875;0.1171875
0.953125;0.74609375;0.15625;0.5546875;0.62890625;0.49609375;0.10546875;0.13671875;0.484375;0.3984375;0.10546875;0.37890625;0.65625;0.75390625;0.02734375;0.24609375
0.4765625;0.45703125;0.55078125;0.6640625;0.515625;0.6484375;0.48046875;0.8984375;0.53125;0.5625;0.43359375;0.77734375;0.50390625;0.4921875;0.3515625;0.6953125
0.02734375;0.0234375;0.296875;0.50390625;0.11328125;0.02734375;0.4921875;0.94140625;0.0703125;0.015625;0.28125;0.28125;0.0390625;0.05078125;0.5;1.1953125
0.2734375;0.23828125;0.66796875;0.2265625;0.59765625;0.00390625;0.6484375;0.60546875;0.6640625;0.03125;1.078125;0.04296875;0.6953125;0.125;1.09765625;0.078125
0.71875;0.56640625;0.234375;1.16015625;0.53125;0.23046875;0.15234375;0.48046875;0.20703125;0.015625;0.0546875;0.01953125;0.33984375;0.22265625;0.85546875;0.33203125
0.203125;0.1171875;0.0234375;0.328125;0.02734375;0.02734375;0.04296875;0.546875;0.1171875;0.1171875;0.02734375;0.484375;0.015625;0.015625;0.23828125;0.46484375
0.55078125;0.46875;0.2265625;0.23828125;0.23046875;0.11328125;0.0703125;0.359375;0.1640625;0.53515625;0.03125;0.15234375;0.10546875;0.14453125;0.19921875;0.234375
0.7421875;0.2265625;0.140625;0.60546875;0.34765625;0.10546875;0.2109375;0.32421875;0.73828125;0.296875;0.26953125;0.609375;0.4921875;0.21875;0.171875;0.40625
0.26171875;0.14453125;0.14453125;0.7890625;0.09765625;0.48046875;0.2578125;0.52734375;0.24609375;0.26171875;0.140625;0.328125;0.1328125;0.53125;0.46484375;0.79296875
0.22265625;0.16796875;0.23828125;0.44921875;0.34375;0.26953125;0.2578125;0.24609375;0.3359375;0.69140625;0.17578125;0.40625;0.41796875;0.48046875;0.078125;0.2421875
0.59375;0.10546875;0.1015625;0.56640625;0.6328125;0.4765625;0.19921875;0.23046875;1.04296875;0.515625;0.328125;0.2265625;0.28125;0.04296875;0.31640625;0.0234375
0.60546875;0.39453125;0.125;0.81640625;0.1484375;0.30859375;0.5859375;0.296875;0.234375;0.04296875;0.078125;0.2578125;0.08203125;0.45703125;0.55859375;0.625
0.25;0.46875;0.55859375;0.27734375;0.16796875;0.47265625;0.125;0.17578125;0.24609375;0.63671875;0.25;0.13671875;0.14453125;0.35546875;0.04296875;0.13671875
0.703125;0.3125;0.359375;0.640625;0.03125;0.63671875;0.1484375;0.01953125;0.17578125;0.0703125;0.80078125;0.1953125;0.64453125;0.17578125;0.38671875;0.609375
0.34765625;0.40625;0.17578125;0.00390625;0.46484375;0.63671875;0.25;0.25;0.29296875;0.37890625;0.40625;0.26953125;0.31640625;0.80078125;0.3203125;0.21875
0.12890625;0.03125;0.04296875;0.02734375;0.0625;0.046875;0.0546875;0.046875;0.375;0.359375;0.13671875;0.0859375;0.36328125;0.19140625;0.02734375;0.02734375
0.83984375;0.6171875;0.33203125;0.09765625;0.5078125;0.3359375;0;0.5;0.44140625;0.41015625;0.375;0.14453125;0.6953125;0.328125;0.0703125;0.21484375
0.1796875;0.046875;0.42578125;0.08984375;0.00390625;0.16796875;0.59765625;0.328125;0.18359375;0.01953125;0.5;0.28125;0.25;0.05859375;0.3828125;0.2578125
0.0078125;0.55859375;0.328125;0.625;0.42578125;0.76171875;0.34765625;0.7109375;0.1953125;0.91015625;0.39453125;0.78515625;0.1875;0.51953125;0.1796875;0.65625
0.15234375;0.03515625;0.47265625;0.26171875;0.51953125;0.375;0.16015625;0.76953125;0.45703125;0.24609375;0.6484375;0.62890625;0.46875;0.54296875;0.4296875;0.7890625
0.21484375;0.57421875;0.3125;0.1875;0;0.47265625;0.17578125;0.0546875;0.171875;0.0859375;0.18359375;0.1796875;0.234375;0.51953125;0.22265625;0.0078125
0.82421875;1.20703125;0.64453125;0.29296875;0.59375;0.6484375;0.08203125;0.546875;0.50390625;0.4296875;0.015625;0.5625;0.61328125;0.76953125;0.2734375;0.4453125
1.15234375;1.1171875;0.49609375;0.0078125;0.3203125;0.578125;0.14453125;0.10546875;0.71484375;0.92578125;0.74609375;0.01171875;0.07421875;0.5234375;0.24609375;0.18359375
0.13671875;0.26171875;0.1171875;0.41796875;0.3125;0.1328125;0.15234375;0.08984375;0;0.33984375;0.23046875;0.47265625;0.0390625;0.296875;0.3828125;0.3203125
0.55859375;0.234375;0.390625;0.609375;0.57421875;0.26953125;0.546875;0.0703125;0.1484375;0.44140625;0.46484375;0.6015625;0.87109375;0.10546875;0.98046875;0.5703125
0.03515625;0.375;0.0390625;0.37890625;0.12109375;0.19921875;0.0703125;0.21875;0.3125;0.2109375;0.13671875;0.375;0.1015625;0.13671875;0.01953125;0.24609375
0.140625;0.25390625;0.5078125;0.2890625;0.33203125;0.02734375;0.52734375;0.28125;0.34765625;0.2578125;0.5546875;0.34765625;0.3671875;0.17578125;0.375;0.28515625
0.18359375;0.58203125;0.11328125;0.72265625;0.046875;0.09375;0.15625;0.15625;0.12109375;0.1015625;0.17578125;0.2421875;0.0546875;0.1875;0.32421875;0.046875
0.1015625;0.36328125;0.28125;0.0234375;0.546875;0.52734375;0.06640625;0.140625;0.79296875;0.4296875;0.17578125;0.2734375;0.30078125;0.43359375;0.07421875;0.08984375
0.19140625;0.7421875;0.58203125;0.015625;0.078125;0.1171875;0.0625;0.26171875;0.4921875;0.49609375;0.53125;0.26953125;0.21875;0.69140625;0.65625;0.140625
0.296875;0.1015625;0.47265625;0.1953125;0.85546875;0.0625;0.25390625;0.0703125;0.69921875;0.09375;0.0390625;0.13671875;0.82421875;0.046875;0.015625;0.37109375
0.453125;0.45703125;0.2578125;0.38671875;0.20703125;0.0234375;0.1953125;0.5703125;0.703125;0.73828125;0.421875;1.00390625;0.51953125;0.5078125;0.34765625;0.65234375
1.203125;0.171875;0.62109375;0.421875;1.21484375;0.60546875;0.453125;0.23046875;0.83984375;0.046875;0.53125;0.21484375;0.84375;0.36328125;0.21875;0.27734375
0.53515625;0.890625;0.09765625;0.3125;0.53125;1.2265625;0.1640625;0.3828125;0.46484375;1.109375;0.2421875;0.31640625;0.3671875;0.99609375;0.26171875;0.20703125
0.05859375;0.421875;0.00390625;0.04296875;0.54296875;0.453125;0.1875;0.21484375;0.12109375;0.7421875;0.15625;0.1171875;0.46484375;0.08984375;0.1015625;0.03125
0.1953125;0.40625;0.00390625;0.23828125;0.6015625;0.51171875;0.49609375;0.12890625;1.0703125;0.546875;0.16796875;0.10546875;1.2421875;0.6171875;0.3671875;0.10546875
0.734375;0.0625;0.296875;0.90625;0.17578125;0.3046875;0.51953125;0.35546875;0.078125;0.046875;0.359375;0.0390625;0.375;0.99609375;0.66015625;0.72265625
0.57421875;0.44921875;0.94921875;0.2421875;0.12109375;0.046875;0.10546875;0.01171875;0.09375;0.08984375;0.08203125;0.00390625;0.1640625;0.30859375;0.46484375;0.00390625
0.5390625;1.96875;1.0078125;0.12890625;0.32421875;1.1484375;0.4765625;0.03515625;0.05859375;1.26171875;0.66796875;0.03125;0.203125;0.90625;0.37109375;0.1015625
0.0625;0.2890625;0.8203125;0.05078125;0.12890625;0.23046875;0.328125;0.04296875;0.18359375;0.6640625;0.49609375;0.44140625;0.20703125;0.546875;0.14453125;0.6171875
0.52734375;0.90234375;0.49609375;0.65234375;0.44140625;0.35546875;0.26171875;0.1171875;0.4296875;0.453125;0.06640625;0.20703125;0.08203125;0.87890625;0.0078125;0.046875
0.2734375;0.3125;0.7421875;0.1953125;0.328125;0.34375;0.734375;0.203125;0.328125;0.65234375;0.44921875;0.04296875;0.27734375;0.53125;0.53125;0.11328125
0.6796875;0.30078125;0.19140625;0.76953125;0.57421875;0.0859375;0.35546875;0.234375;0.65234375;0.64453125;0.140625;0.984375;0.32421875;0.421875;0.47265625;0.7578125
0.28515625;0.33203125;0.10546875;0.7265625;0.58984375;0.4296875;0.19140625;0.13671875;0.14453125;0.00390625;0.015625;0.15625;0.640625;0.671875;0.3984375;0.453125
0.83203125;0.24609375;0.05859375;0.25;0.70703125;0.4609375;0.26171875;0.1171875;0.91015625;0.59765625;0.44921875;0.1875;0.5625;0.31640625;0.18359375;0.1328125
0.23046875;0.0078125;0.55078125;0.51953125;0.06640625;0.04296875;0.4375;0.03125;0.08203125;0.0234375;0.03125;0.4453125;0.08984375;0.15234375;0.3203125;0.43359375
0.234375;0.26953125;0.00390625;0.44140625;0.1796875;0.18359375;0.11328125;0.41796875;0.20703125;0.390625;0.12109375;0.48828125;0.0234375;0.05078125;0.60546875;0.6328125
0.2265625;0.3828125;0.375;0.109375;0.26953125;0.16796875;0.02734375;0.00390625;0.24609375;0.33203125;0.27734375;0.26953125;0.21484375;0.28515625;0.2890625;0.16015625
0.42578125;0.3828125;0.72265625;0.41796875;0.19921875;0.21484375;0.7890625;0.890625;0.1484375;0.140625;0.23046875;0.03515625;0.59375;0.08203125;0.75;0.71875
0.0546875;0.67578125;0.84375;0.74609375;0.125;0.66796875;0.9296875;0.94921875;0.05078125;0.65625;0.9921875;0.78515625;0.01953125;0.5859375;0.9296875;0.6171875
0.12109375;0.265625;0.0859375;0.41796875;0.3359375;0.34375;0.6484375;0.640625;0.03515625;0.39453125;0.3515625;0.390625;0.13671875;0.26171875;0.42578125;0.6015625
0.02734375;0.1796875;0.18359375;0.0859375;1.0859375;0.15625;0.31640625;0.1328125;0.48828125;0.30078125;0.296875;0.0234375;0.5703125;0.23828125;0.453125;0.0703125
0.6171875;0.16796875;0.13671875;0.6953125;0.5859375;0.3984375;0.171875;0.29296875;0.265625;0.234375;0.09765625;0.19921875;0.359375;0.08984375;0.27734375;0.80078125
0.21484375;0.30078125;0.8671875;0.40234375;0.58203125;0.1953125;0.42578125;0.06640625;0.77734375;0.12109375;0.1796875;0.24609375;0.09765625;0.31640625;0.671875;0.3125
0.15234375;0.28125;0.3046875;0.9296875;0.3359375;0.328125;0.29296875;0.65234375;0.0703125;0.22265625;0.59375;0.390625;0.37890625;0.296875;0.44140625;0.515625
0.390625;0.1796875;0.046875;0.14453125;0.06640625;0.1953125;0.37109375;0.15234375;0.47265625;0.40234375;0.046875;0.14453125;0.37890625;0.265625;0.0390625;0.19140625
0.0234375;0.37890625;0.12890625;0.49609375;0.3046875;0.078125;0.6640625;0.3203125;0.2421875;0.57421875;0.078125;0.21484375;0.6796875;0.5078125;0.703125;0.25390625
0.73046875;0.33203125;0.65625;0.18359375;0.796875;0.20703125;0.66796875;0.03515625;0.42578125;0.3515625;0.27734375;0.24609375;0.61328125;0.13671875;0.48046875;0.05859375
0.26953125;0.48046875;0.95703125;0.5859375;0.16796875;0.5078125;0.40625;0.1015625;0.56640625;0.05078125;1.01171875;0.7421875;0.484375;0.18359375;0.84375;0.75
0.68359375;0.0546875;0.53125;0.40234375;0.3828125;0.13671875;0.05859375;0.2421875;0.3828125;0.13671875;0.05078125;0.23828125;0.4921875;0.16796875;0.3359375;0.296875
1.13671875;0.49609375;0.43359375;0.19140625;1.01171875;0.3671875;0.3203125;0.51953125;1.18359375;0.2890625;0.29296875;0.69921875;0.74609375;0.26953125;0.19921875;0.35546875
0.1171875;0.02734375;0.56640625;0.59375;0.08984375;0.2578125;0.375;0.48828125;0.17578125;0.28515625;0.09375;0.9921875;0.16015625;0.16796875;0.58203125;0.765625
0.12109375;0.4140625;0.2421875;0.2421875;0.23828125;0.02734375;0.19140625;0.42578125;0.17578125;0.12890625;0.33203125;0.36328125;0.4375;0.1171875;0.0390625;0.33203125
0.4921875;0.2578125;0.0078125;0.5625;0.28125;0.08984375;0.234375;0.44140625;0.734375;0.3046875;0.11328125;0.984375;0.51953125;0.2734375;0.06640625;0.6796875
0.48828125;0.265625;1.0625;0.33984375;1;0.08203125;0.91015625;0.5703125;0.22265625;0.01171875;0.58984375;0.296875;0.7265625;0.19921875;0.828125;0.25390625
1.67578125;0.11328125;0.21875;0.125;2.08203125;0.19921875;0.43359375;0.1328125;1.8671875;0.05859375;0.3671875;0.2421875;1.59375;0.0390625;0.27734375;0.27734375
0.32421875;0.30078125;0.08984375;0.01953125;0.33984375;0.51171875;0.07421875;0.29296875;0.44140625;0.57421875;0.1171875;0.0625;0.171875;0.3515625;0.2578125;0.28125
0.15234375;0.1796875;0.1328125;0.0546875;0.515625;0.98828125;0.0234375;0.2578125;0.046875;0.99609375;0.12890625;0.05859375;0.11328125;1.125;0.32421875;0.26171875
0.5546875;0.0703125;0.0859375;0.1875;0.27734375;0.12109375;0.3046875;0.0546875;0.03515625;0.05078125;0.21484375;0.0234375;0.390625;0.32421875;0.375;0.41796875
0.6953125;1.0859375;0.28515625;0.7578125;0.015625;0.4296875;0.109375;0.0625;0.09765625;0.17578125;0.1015625;0.0078125;0.234375;0.6328125;0.171875;0.09765625
0.41015625;0.27734375;0.45703125;0.109375;0.41015625;0.23046875;0.4609375;0.1640625;0.1171875;0.01953125;0.42578125;0;0.3046875;0.13671875;0.5390625;0.1484375
0.6328125;0.140625;0.203125;0.20703125;0.5234375;0.05859375;0.1015625;0.31640625;0.98828125;0.28515625;0.203125;0.921875;0.97265625;0.375;0.02734375;1.2421875
0.640625;0.39453125;0.44140625;0.13671875;0.34765625;0.05078125;0.5859375;0.17578125;0.18359375;0.953125;0.67578125;0.1015625;0.4375;0.765625;1.515625;0.22265625
0.8046875;0.43359375;0.53125;0.2578125;0.8125;0.71875;0.57421875;0.296875;0.61328125;0.20703125;0.62109375;0.18359375;0.671875;0.46484375;0.5859375;0.20703125
0.875;0.375;0.07421875;0.33203125;0.40625;0.22265625;0.18359375;0.23046875;0.5078125;0.26953125;0.1015625;0.3671875;0.18359375;0.18359375;0.16015625;0.25390625
0.13671875;0.3515625;0.68359375;0.1171875;0.01953125;0.08203125;0.01171875;0.53515625;0.22265625;0.171875;0.31640625;0.0078125;0.29296875;0.20703125;0.2265625;0.328125
0.4140625;0.28125;0.37109375;0.0625;0.14453125;0.62890625;0.046875;0.12109375;0.12890625;0.78125;0.0546875;0.24609375;0.11328125;0.3984375;0.05859375;0.0234375
0.4375;0.234375;0.4375;0.0390625;0.36328125;0.12890625;0.140625;0.0234375;0.49609375;0.296875;1.08984375;0.71484375;0.328125;0.0859375;0.57421875;0.18359375
0.32421875;0.01171875;0.16015625;0.11328125;0.36328125;0.1171875;0.484375;0.03515625;0.12890625;0.28125;0.390625;0.0625;0.53125;0.17578125;0.5078125;0.31640625
0.671875;0.3125;0.29296875;0.52734375;0.5234375;0.01171875;0.01953125;0.00390625;1.40234375;0.59765625;0.2421875;0.984375;1.00390625;0.41015625;0.27734375;0.66796875
0.19140625;0.98046875;1.0703125;0.0078125;0.44140625;1.08203125;1.09375;0.18359375;0.31640625;0.453125;0.5234375;0.1015625;0.140625;1.05078125;0.890625;0.32421875
0.03125;0.23828125;0.55078125;0.33984375;0.109375;0.0625;0.57421875;0.3515625;0.109375;0.0859375;0.59375;0.3515625;0.07421875;0.13671875;0.5546875;0.328125
0.30859375;0.4765625;0.5390625;0;0.5546875;0.4921875;0.8359375;0.29296875;0.453125;0.8984375;0.50390625;0.28125;0.4453125;0.1328125;0.95703125;0.44921875
0.4375;0.08203125;0.00390625;0.26171875;0.265625;0.2890625;0.8125;0.30859375;0.59765625;0.38671875;0.68359375;0.078125;0.34765625;0.16015625;0.828125;0.0390625
1.26953125;0.265625;0.671875;0.36328125;0.82421875;0.13671875;0.76171875;0.22265625;0.23828125;0.20703125;0.33203125;0.0390625;0.29296875;0.73046875;0.12109375;0.07421875
0.0625;0.18359375;0.1875;0.35546875;0.25;0.0078125;0.03515625;0.41796875;0.1328125;0.015625;0.0390625;0.35546875;0.42578125;0.12109375;0.03125;0.4765625
0.46875;0.38671875;0.16015625;0.91796875;0.234375;0.26953125;0.05859375;0.37109375;0.0390625;0.28125;0.6171875;0.81640625;0.125;0.2265625;0.25;0.37890625
0.1171875;0.4765625;0.1328125;0.1015625;0.20703125;0.1875;0.1875;0.0546875;0.26953125;0.6640625;0.4296875;0.05859375;0.34375;0.609375;0.40234375;0.21484375
0.52734375;0.25390625;0.33984375;0.35546875;0.02734375;0.00390625;0.203125;0.421875;0.56640625;0.15625;0.08203125;0.58984375;0.28125;0.4140625;0.328125;0.07421875
0.18359375;0.109375;0.03515625;0.7890625;0.24609375;0.26953125;0.12890625;0.8046875;0.0703125;0.19140625;0.07421875;0.78515625;0.0546875;0.27734375;0.16015625;0.67578125
0.390625;0.09765625;0.03125;0.09375;0.3515625;0.19921875;0.26171875;0.13671875;0.625;0.71875;0.6796875;0.078125;0.265625;0.109375;0.28515625;0.265625
0.44921875;1.15625;0.5078125;1.015625;0.6875;0.296875;0.765625;0.20703125;0.22265625;0.38671875;0.11328125;0.19140625;0.7734375;0.734375;1.00390625;0.72265625
0.3125;0.29296875;0.62890625;0.05078125;0.0078125;0.59375;0.16015625;0.08203125;0.109375;0.6328125;0.16015625;0.03125;0.03515625;0.4765625;0.13671875;0.05078125
0.203125;0.3046875;0.89453125;0.546875;0.51171875;0.19921875;0.18359375;0.4296875;0.56640625;0.1953125;0.671875;0.6015625;0.1171875;0.25;0.63671875;0.49609375
0.2890625;0.10546875;0.25;0.13671875;0.19140625;0.60546875;0.07421875;0.29296875;0.125;0.5078125;0.328125;0.3359375;0.125;0.13671875;0.1953125;0.2265625
0.1328125;0.03515625;0;0.61328125;0.0390625;0.0625;0.1015625;0.18359375;0.1328125;0.1875;0.1796875;1.203125;0.05078125;0.1171875;0.09765625;0.76171875
0.2421875;0.71484375;0.60546875;0.49609375;0.09765625;0.5703125;0.83984375;0.23828125;0.01171875;0.31640625;0.44921875;0.2265625;0.18359375;0.6328125;0.36328125;0.33984375
0.2109375;1.1796875;0.96875;0.30078125;0.1796875;1.29296875;1.18359375;0.2265625;0.109375;1.2265625;1.03515625;0.1484375;0.0390625;1.1015625;0.859375;0.04296875
0.44140625;0.5546875;0.28515625;0.2578125;1.31640625;0.90625;0.31640625;0.1171875;0.7109375;0.98828125;0.203125;0.33203125;1.09765625;0.48828125;0.421875;0.19921875
0.28125;0.015625;0.5;0.0078125;0.7265625;0.01171875;0.40625;0.3125;0.6953125;0.2890625;1.0546875;0.12109375;0.890625;0.16015625;0.92578125;0.16015625
0.625;0.51171875;0.8671875;0.1328125;0.1796875;0.39453125;0.49609375;0.15234375;0.0078125;0.0703125;0.16796875;0.22265625;0.44921875;0.58203125;1.0859375;0.5234375
0.05078125;0.296875;0.66796875;0.68359375;0.078125;0.43359375;0.31640625;0.24609375;0.0546875;0.47265625;0.18359375;0.13671875;0.03125;0.3046875;0.48828125;0.3671875
0.3515625;0.4921875;0.90625;0.35546875;0.09375;0.234375;0.578125;0.39453125;0.390625;0.41796875;0.16796875;0.015625;0.09765625;0.2265625;0.33984375;0.24609375
0.484375;0.265625;0.1171875;0.5390625;0.19140625;0.31640625;0.08203125;0.38671875;0.39453125;0.15234375;0.24609375;0.77734375;0.26953125;0.0625;0.1796875;0.75
0.18359375;0.15625;0.1484375;0.3046875;0.4765625;0.796875;0;0.2890625;0.17578125;0.51953125;0.0078125;0.31640625;0.171875;1.171875;0.15234375;0.69140625
0.58984375;0.20703125;0.5;0.2578125;0.640625;0.23828125;0.578125;0.421875;0.26953125;0.01953125;0.2890625;0.20703125;0.359375;0.13671875;0.3984375;0.3046875
0.5859375;0.01171875;0.58984375;0.70703125;0.30078125;0.19921875;0.19921875;0.37109375;0.9375;0.01171875;0.60546875;0.5625;0.96484375;0.0703125;0.4296875;0.171875
0.21484375;0.8671875;0.296875;0.71484375;0.78515625;0.39453125;0.53515625;0.203125;0.08984375;0.4296875;0.0703125;0.10546875;0.9921875;0.43359375;0.5546875;0.25390625
0.19140625;0.24609375;0.2734375;0.09375;0.71484375;0.453125;0.0390625;0.46875;0.65625;0.5390625;0.0234375;0.53125;0.55859375;0.3125;0.10546875;0.40234375
0.41796875;0.1875;0.57421875;0.375;0.0625;0.19921875;0.23046875;0.39453125;0.00390625;0.40625;0.95703125;0.47265625;0.4921875;0.203125;0.45703125;0.3125
0.34375;0.54296875;0.328125;0.41015625;0.390625;0.4296875;0.18359375;0.0390625;0.0546875;0.0546875;0.0625;0.046875;0.12109375;0.453125;0.015625;0.38671875
0.26171875;0.73046875;1.15234375;0.8359375;0.0390625;0.2578125;0.65625;0.54296875;0.59765625;0.84375;2.1953125;1.46484375;0.41015625;0.625;1.51171875;0.96484375
0.39453125;0.1015625;0.24609375;0.48828125;0.08203125;0.35546875;0.21484375;0.5859375;0.2421875;0.0859375;0.0625;0.3515625;0.125;0.078125;0.03515625;0.32421875
0.5859375;0.5703125;0.90234375;0.234375;0.6953125;0.703125;0.8359375;0.0390625;0.74609375;0.62890625;0.85546875;0.0390625;0.68359375;0.59765625;0.71875;0.07421875
0.171875;0.2265625;0.24609375;0.484375;0.515625;0.07421875;0.03515625;0.65234375;0.43359375;0.38671875;0.3515625;0.36328125;0.265625;0.0078125;0.140625;0.87109375
0.09375;0.109375;0.38671875;0.22265625;0.52734375;0.140625;0.546875;0.14453125;0.68359375;0.046875;0.63671875;0.47265625;0.95703125;0.03515625;0.66015625;0.52734375
1.078125;0.29296875;0.015625;0.19921875;0.54296875;0.0703125;0.14453125;0.2734375;0.078125;0.0625;0.046875;0.125;0.6640625;0.04296875;0.11328125;0.3203125
0.87109375;0.26953125;0.65625;0.546875;0.5;0.51953125;0.125;0.35546875;0.44921875;0.4921875;0.51953125;0.4296875;0.51171875;0.37890625;0.4609375;0.26171875
0.30078125;1.08984375;0.2265625;0.390625;0.2421875;0.80078125;0.1171875;0.25;0.1796875;0.39453125;0.2109375;0.0859375;0.0625;0.67578125;0.0546875;0.16015625
0.046875;0.05078125;0.328125;0.26953125;0.09765625;0.078125;0.00390625;0.30859375;0.08984375;0.203125;0.75;0.61328125;0.0390625;0.328125;0.75;0.55859375
0.53515625;0.3046875;0.05078125;0.68359375;0.515625;0.11328125;0.18359375;0.3984375;0.83984375;0.58203125;0.20703125;0.22265625;1.13671875;0.6953125;0.15625;0.61328125
0.6171875;0.0703125;0.15625;0.390625;0.6015625;0.1875;0.2109375;0.3671875;0.27734375;0.1875;0.02734375;0.12109375;0.39453125;0.18359375;0.0703125;0.05078125
0.0546875;0.1171875;0.28515625;0.796875;0.14453125;0.4140625;0.15234375;0.16796875;0.55859375;0.421875;0.26171875;0.69921875;0.43359375;0.09375;0.03125;0.71484375
0.31640625;0.30859375;0.3125;0.51953125;1.0703125;1.74609375;0.4453125;1.9296875;0.03125;0.1171875;0.1015625;0.37109375;0.55078125;1.5;0.0703125;1.45703125
0.09375;0.12890625;0.96875;0.46484375;0.0078125;0.05078125;1.08203125;0.62890625;0.0390625;0.57421875;0.859375;0.6015625;0.16796875;0.58984375;0.85546875;0.26171875
0.1015625;0.24609375;0.3359375;0.328125;0.1171875;0.24609375;0.171875;0.26953125;0.06640625;0.49609375;0.28515625;0.375;0.296875;0.171875;0.31640625;0.390625
0.109375;0.63671875;1.00390625;0.296875;0.64453125;0.3203125;0.32421875;0.6953125;0.06640625;0.3125;0.640625;0.5390625;0.60546875;0.62109375;0.66015625;0.296875
0.41015625;0.0390625;0.765625;0.265625;0.65234375;0.390625;0.8125;0.21484375;0.09765625;0.01171875;0.40234375;0.02734375;0.51171875;0.13671875;0.73046875;0.09765625
0.48828125;0.9140625;0.33203125;0.3125;0.56640625;0.796875;0.03515625;0.12890625;0.00390625;0.64453125;0.4296875;0.06640625;0.19921875;0.5;0.265625;0.40234375
0.3515625;0.31640625;0.68359375;0.55859375;0.25;0.1171875;0.62890625;0.2109375;0.01171875;0.03515625;0.40234375;0.359375;0.37109375;0.26171875;0.49609375;0.359375
0.02734375;0.10546875;0.44921875;1.13671875;0.0625;0.09375;0.26953125;0.10546875;0.015625;0.1171875;0.2109375;0.19921875;0.046875;0.046875;0.546875;0.77734375
0.28125;0.1484375;0.46484375;0.0546875;0.17578125;0.1015625;0.421875;0.01953125;0.78125;0.0546875;1.1015625;0.3125;0.609375;0.07421875;0.84765625;0.08203125
0.3671875;0.16015625;0.484375;0.09375;0.32421875;0.08203125;0.09375;0.48828125;0.40625;0.140625;0.13671875;0.39453125;0.72265625;0.0859375;0.56640625;0.2734375
0.02734375;0;0.1953125;0.51953125;0.06640625;0.16796875;0.40625;0.296875;0.19140625;0.1796875;0.0859375;0.62109375;0.4609375;0.3359375;0.1484375;0.1484375
0.015625;0.609375;0.12890625;0.09375;0.19140625;0.40625;0.02734375;0.109375;0.05859375;0.5234375;0.03515625;0.1015625;0.05859375;0.27734375;0.0859375;0.15234375
0.16015625;0.25;0.09765625;0.16796875;0.7265625;0.51171875;0.09375;0.28125;0.2578125;0.16796875;0.109375;0.0859375;0.79296875;0.4453125;0.078125;0.5234375
0.25390625;0.4140625;0.36328125;0.7109375;0.2890625;0.3046875;0.14453125;0.4765625;0.13671875;0.38671875;0.3828125;0.671875;0.0078125;0.4140625;0.33984375;0.640625
0.42578125;1.078125;0.28125;0.578125;0.4453125;0.57421875;0.16015625;0.0234375;0.546875;0.62890625;0.05859375;0.6953125;0.359375;0.2890625;0.0546875;0.265625
1.15625;0.46484375;0.1796875;0.43359375;0.9140625;0.49609375;0.1484375;0.36328125;0.55078125;0.20703125;0.0703125;0.58203125;0.74609375;0.05859375;0.06640625;0.578125
0.2734375;0.28515625;0.28125;0.546875;0.32421875;0.92578125;0.6015625;0.94921875;0.02734375;0.16796875;0.296875;0.1640625;0.53125;0.71484375;0.33984375;0.96875
0.484375;0.7421875;0.765625;0.14453125;0.3046875;0.8203125;0.74609375;0.25;0.15625;0.453125;0.16015625;0.1796875;0.265625;0.1953125;0.07421875;0.1328125
0.10546875;0.4453125;0.09765625;0.03125;0.2578125;0.26953125;0.28125;0.3515625;0.20703125;0.3046875;0.4453125;0.19921875;0.57421875;0.6640625;0.546875;0.453125
0.15234375;0.42578125;0.25;0;0.48046875;0.74609375;0.1484375;0.1484375;0.30078125;0.3828125;0.12109375;0.04296875;0.40625;0.96484375;0.0234375;0.01953125
0.734375;0.3046875;0.09765625;0.15234375;0.37109375;0.1328125;0.00390625;0.04296875;0.171875;0.48046875;0.19140625;0.21484375;0.45703125;0.12109375;0.01171875;0
0.82421875;0.69921875;0.0234375;0.13671875;0.6875;0.21484375;0.28125;0.25;0.45703125;0.328125;0.1484375;0.1875;0.47265625;0.65234375;0.41015625;0.0546875
0.18359375;0.03515625;0.58984375;0.265625;0.33203125;0.140625;0.2734375;0.0859375;0.140625;0.07421875;0.34765625;0.3125;0.31640625;0.125;0.1953125;0.109375
0.046875;0.65625;0.40234375;0.921875;0.390625;0.66015625;0.70703125;0.5546875;0.4296875;0.4375;0.51953125;0.19921875;0.5703125;0.08984375;0.72265625;0.25390625
0.04296875;0.00390625;0.3046875;0.32421875;0.1875;0.13671875;0.51171875;0.19921875;0.30078125;0.26171875;0.9609375;0.4375;0.4140625;0.01171875;0.6171875;0.53125
0.171875;0.2734375;0.76953125;0.23828125;0.09375;0.21484375;0.7734375;0.33984375;0.03125;0.25;0.38671875;0.11328125;0.0234375;0.4609375;0.10546875;0.015625
0.5;0.36328125;0.125;0.53515625;0.609375;0.75;0.31640625;0.1484375;0.71875;0.76953125;0.0625;0.5078125;0.453125;0.69921875;0.51171875;0.28515625
0.875;1.06640625;0.88671875;0.1484375;1.0859375;1.04296875;0.19921875;0.33984375;0.52734375;0.9296875;0.765625;0.46484375;0.30859375;0.703125;0.453125;0.20703125
0.12890625;0.046875;0.0546875;0.1640625;0.265625;0.078125;0.140625;0.453125;0.1953125;0.02734375;0.1015625;0.15234375;0.45703125;0.21875;0.234375;0.3359375
0.74609375;0.328125;0.96875;0.65625;0.41796875;0.41796875;0.859375;0.47265625;0.6484375;0.203125;0.609375;0.66015625;0.6171875;0.0859375;0.44921875;0.41796875
0.64453125;0.11328125;0.28515625;0.640625;0.39453125;0.2109375;0.08984375;0.59765625;0.703125;0.37890625;0.17578125;0.5625;0.4453125;0.1484375;0.0390625;0.48828125
0.5078125;0.46875;0.25390625;0.1953125;0.01953125;0.2578125;0.39453125;0.22265625;0.2734375;0.2890625;0.46484375;0.26171875;0.4765625;0.00390625;0.24609375;0.19140625
0.0390625;0.38671875;0.08984375;0.46875;0.11328125;0.56640625;0.10546875;0.69140625;0.1171875;0.03125;0.22265625;0.19921875;0.1328125;0.75;0.00390625;0.953125
0.515625;0.2421875;0.265625;0.41015625;0.77734375;0.2421875;0.0546875;0.140625;0.4609375;0.55078125;0;0.15625;0.12109375;0.59765625;0.09765625;0.40234375
0.10546875;0.05859375;0.1796875;0.02734375;0.12109375;0.21875;0.36328125;0.08984375;0.12890625;0.390625;0.5625;0.1015625;0.2109375;0.53125;0.328125;0.4453125
0.12890625;0.20703125;0.3515625;0.46875;0.8828125;0.2109375;0.16015625;0.1640625;0.2578125;0.06640625;0.37890625;0.16796875;0.7265625;0.27734375;0.12890625;0.62109375
0.546875;0.515625;0.47265625;0.7109375;0.48046875;0.63671875;0.35546875;0.74609375;0.859375;0.4765625;0.328125;0.25;0.328125;0.2890625;0.359375;0.8515625
1.08203125;0.421875;0.35546875;0.5234375;0.73828125;0.453125;0.05859375;0.25390625;0.578125;0.33984375;0.06640625;0.265625;0.8828125;0.0546875;0.53125;0.33203125
0.62109375;0.578125;0.21875;0.3984375;0.5546875;0.2109375;0.1015625;0.23046875;0.37890625;0.1328125;0.2578125;0.18359375;0.4375;0.5;0.109375;0.16015625
0.296875;0.31640625;0.19921875;0.078125;0.18359375;0.9453125;0.0546875;0.3515625;0.2265625;0.7265625;0.28515625;0.35546875;0.68359375;0.3515625;0.09765625;0.35546875
0.0234375;0.375;0.08984375;0.07421875;0.25390625;0.18359375;0.00390625;0.08203125;0.6796875;0.55078125;0.1328125;0.10546875;0.72265625;0.45703125;0.1328125;0.04296875
0.4140625;0.2890625;0.77734375;1.06640625;0.18359375;0.40625;0.5625;0.67578125;0.234375;0.125;0.484375;0.49609375;0.28515625;0.34765625;0.89453125;0.5546875
0.0234375;0.2734375;0.35546875;0.04296875;0.3203125;0.03125;0.19140625;0.09375;0.05078125;0.00390625;0.0078125;0.0625;0.5078125;0.3671875;0.8515625;0.234375
0.421875;1.578125;0.7578125;0.07421875;0.16796875;1.77734375;1.1484375;0.5625;0.73828125;1.45703125;0.59765625;0.33203125;0.34765625;1.11328125;0.47265625;0.13671875
0.140625;0.390625;0.203125;0.23046875;0.23046875;0.94140625;0.36328125;0.12890625;0.09375;0.11328125;0.25;0.05078125;0.17578125;1.109375;0.4453125;0.1015625
0.203125;0.98828125;0.0859375;0.05859375;0.2109375;0.8515625;0.046875;0.046875;0.22265625;0.66015625;0.2109375;0.2890625;0.0703125;0.45703125;0.08203125;0.2421875
0.32421875;0.92578125;0.87890625;0.19921875;0.1640625;0.68359375;0.98046875;0.3203125;0.02734375;0.8203125;0.3515625;0.1171875;0.01171875;0.53515625;0.21875;0.046875
0.47265625;0.79296875;0.0625;1.00390625;0.51953125;0.37890625;0.2265625;0.55859375;0.6484375;0.36328125;0.3515625;0.87890625;0.484375;0.59375;0.30859375;0.953125
0.3828125;0.5546875;0.08984375;0.58984375;0.74609375;0.75390625;0.12109375;0.9453125;0.28515625;0.0546875;0.16015625;0.09765625;0.5;0.671875;0.05078125;1.0390625
1.11328125;0.046875;0.55078125;0.53125;1.19140625;0.16796875;0.35546875;0.28515625;0.71484375;0.421875;0.1796875;0.1328125;0.62109375;0.25;0.0859375;0.296875
0.20703125;0.3671875;0.0546875;0.16015625;0.11328125;0.00390625;0.3515625;0.29296875;0.2421875;0.53515625;0.06640625;0.0859375;0.48046875;0.33203125;0.8515625;0.66015625
0.50390625;0.625;0.41015625;0.7265625;0.1484375;0.12890625;0.12890625;0.26953125;0.2265625;0.2578125;0.0859375;0.33203125;0.1953125;0.37109375;0.87109375;0.37890625
0.4453125;0.17578125;0.3359375;0.22265625;0.359375;0.34765625;0.44921875;0.3359375;0.1953125;0.26953125;0.01953125;0.2734375;0.078125;0.1640625;0.21484375;0.2265625
0.6875;0.21484375;0.65625;0.55859375;0.7109375;0.02734375;0.8359375;0.90625;0.58203125;0.46484375;0.2421875;0.35546875;0.25390625;0.16796875;0.00390625;0.203125
0.3125;0.65625;0.984375;1.04296875;0.17578125;0.58203125;0.7109375;0.6015625;0.1953125;0.1171875;0.6171875;0.62890625;0;0.578125;0.6875;0.4296875
0.07421875;0.28125;0.26953125;0.7109375;0.265625;0.328125;0.328125;0.46875;0.421875;0.25;0.3359375;0.30859375;0.78125;0.1484375;0.49609375;0.82421875
0.30859375;0.14453125;0.15625;0.0078125;0.2421875;0.2265625;0.04296875;0.12109375;0.33984375;0.32421875;0.01171875;0.015625;0.59375;0.26171875;0.1640625;0.02734375
0.3828125;0.03125;0.39453125;0.90234375;0.34375;0.07421875;0.5625;0.52734375;0.41796875;0.20703125;0.06640625;0.4453125;0.8671875;0.65234375;0.3671875;0.3671875
1.00390625;0.046875;0.01171875;0.48046875;0.37890625;0.01171875;0.1328125;0.3046875;0.625;0.17578125;0.5;0.12109375;0.13671875;0.25390625;0.46875;0.3203125
0.24609375;0.01953125;0.5078125;0.58984375;0.3046875;0.90625;0.5078125;0.796875;0.6171875;0.16796875;0.484375;0.75390625;0.41015625;0.15234375;0.44921875;0.5625
0.15625;0.15625;0.1484375;0.0625;0.35546875;0.56640625;0.109375;0.10546875;0.140625;0.05078125;0.1953125;0.10546875;0.25;0.421875;0.3671875;0.0859375
0.60546875;0.58203125;0.59375;0.10546875;0.47265625;0.46484375;0.58203125;0.1171875;0.37890625;0.55078125;0.22265625;0.1640625;0.265625;0.30859375;0.2890625;0.046875
0.625;0.6484375;0.4453125;0.6875;0.78125;0.42578125;0.8125;0.6015625;0.296875;0.1328125;0.40625;0.69921875;0.265625;0.10546875;0.3515625;0.5078125
0.57421875;0.21875;0.78515625;0.6796875;0.12109375;0.2265625;0.53515625;0.2890625;0.40625;0.34765625;1.0234375;0.6796875;0.5234375;0.015625;0.88671875;0.74609375
0.68359375;0.0078125;0.3828125;0.3515625;0.8828125;0.21484375;0.69140625;0.48046875;0.4375;0.0390625;0.02734375;0.21875;0.9453125;0.08984375;0.74609375;0.50390625
1.26953125;0.12890625;0.12109375;0.1171875;1.55078125;0.43359375;0.43359375;0.29296875;1.01171875;0.37109375;0.3515625;0.45703125;0.8984375;0.16796875;0.4921875;0.1875
0.19140625;0.015625;0.44140625;0.6640625;0.109375;0.0546875;0.3515625;0.46875;0.234375;0.37890625;0.72265625;1.3203125;0;0.3359375;0.453125;0.6875
0.6875;0.65234375;0.51953125;0.26171875;0.11328125;0.0234375;0.12109375;0.25390625;0.171875;0.37109375;0.26953125;0.10546875;0.59375;0.33984375;0.38671875;0.0859375
0.58203125;0.36328125;0.234375;0.73046875;0.66015625;0.39453125;0.140625;0.890625;0.3359375;0.00390625;0.91796875;0.20703125;0.4921875;0.3125;0.18359375;0.76953125
0.3359375;0.2578125;0.80859375;0.16015625;0.86328125;0.234375;0.78515625;0.21875;0.18359375;0.39453125;0.3203125;0.078125;0.23828125;0.453125;0.4140625;0.1328125
1.96484375;0.12109375;0.6328125;0.29296875;1.2109375;0.1015625;0.24609375;0.19921875;1.26953125;0.078125;0.7265625;0.14453125;1.109375;0.0390625;0.05078125;0.1328125
0.35546875;0.47265625;0.25390625;0.21484375;0.609375;0.359375;0.15234375;0.01953125;0.4375;0.1328125;0.16796875;0.046875;0.41015625;0.06640625;0.25;0.19140625
0.37109375;0.19140625;0.01953125;0.0703125;0.03125;0.421875;0.0703125;0.1171875;0.15234375;0.60546875;0.1875;0.23046875;0.1640625;0.84765625;0.0546875;0.0234375
0.73046875;0.625;0.078125;0.046875;0.52734375;0.37890625;0.25;0.3203125;0.3828125;0.1328125;0.078125;0.04296875;0.453125;0.125;0.578125;0.1015625
0.25;0.1015625;0.01171875;0.04296875;0.28515625;0.58984375;0.0234375;0.5625;0.046875;0.6015625;0.05078125;0.08203125;0.5390625;0.55078125;0.28515625;0.51953125
0.18359375;0.0703125;0.671875;0.04296875;0.26953125;0.10546875;0.0703125;0.26171875;0.32421875;0.15234375;1.01953125;0.02734375;0.2890625;0.13671875;0.62109375;0.08984375
0.41015625;0.265625;0.13671875;0.57421875;0.66015625;0.24609375;0.2109375;0.1875;0.32421875;0.05859375;0.06640625;0.203125;0.83203125;0.26171875;0.1875;0.234375
0.40234375;0.83203125;1.49609375;0.140625;0.25;0.6015625;1.16015625;0.04296875;0.4375;0.890625;0.9921875;0.10546875;0.44921875;0.5234375;0.62890625;0.1640625
0.8828125;0.0234375;0.88671875;0.140625;0.9375;0.01171875;0.765625;0.1328125;0.453125;0.63671875;0.57421875;0.078125;0.3515625;0.5;0.40625;0.03125
0.3515625;0.46484375;0.0859375;0.35546875;0.4140625;0.078125;0.046875;0.26953125;0.875;0.5078125;0.12109375;0.33203125;0.58984375;0.609375;0.1875;0.34765625
0.0390625;0.23046875;0.44140625;0.05078125;0.14453125;0.27734375;0.48828125;0.359375;0.43359375;0.09375;0.11328125;0.359375;0.1171875;0.37109375;0.70703125;0.01953125
0.28515625;0.46484375;0.3203125;0.41015625;0.3984375;0.70703125;0.3984375;0.32421875;0.17578125;0.58203125;0.05859375;0.12109375;0.09765625;0.4453125;0.31640625;0.0078125
0.50390625;0.05078125;0.23828125;0.2578125;0.03515625;0.125;0.36328125;0.1640625;0.37109375;0.22265625;0.80859375;0.4765625;0.1640625;0.30078125;0.4921875;0.07421875
0.484375;0.203125;0.359375;0.3671875;0.38671875;0.03515625;0.60546875;0.05078125;0.2421875;0.0390625;0.1328125;0.16015625;0.68359375;0.4609375;0.44921875;0.46484375
1.30859375;0.62109375;0.44921875;0.93359375;1.21484375;0.65625;0.41015625;0.890625;0.453125;0.02734375;0.00390625;0.53515625;1.12890625;0.41796875;0.26953125;0.53125
0.3515625;1.3515625;0.9296875;0.1875;0.078125;1.13671875;0.8984375;0.484375;0.359375;0.90625;0.3359375;0.30078125;0.484375;0.625;0.3359375;0.17578125
0.3984375;0.15625;0.66015625;0.1484375;0.20703125;0.43359375;0.53515625;0.171875;0.52734375;0.07421875;0.4453125;0;0.00390625;0.421875;0.4453125;0.28125
0.3359375;0.37109375;1.015625;0.25390625;0.32421875;0.90625;0.09765625;0.14453125;0.33203125;0.6796875;0.10546875;0.01953125;0.25390625;0.08203125;0.3984375;0.88671875
0.41015625;0.140625;0.09375;0.046875;0.55859375;0.3203125;0.12109375;0.0703125;1;0.734375;0.48828125;0.08203125;0.66015625;0.48046875;0.5859375;0.05859375
0.7109375;0.5703125;0.5078125;0.07421875;0.80078125;0.16796875;0.68359375;0.02734375;0.703125;0.23046875;0.578125;0.12890625;1.01953125;0.2578125;1.078125;0.42578125
0.0078125;0.07421875;0.05859375;0.2421875;0.35546875;0.328125;0.31640625;0.01953125;0.25;0.0234375;0.2421875;0.32421875;0.0625;0.08203125;0.12109375;0.359375
0.36328125;0.2265625;0.59375;1.06640625;0.19921875;0.56640625;0.13671875;0.5625;0.6171875;0.1328125;0.515625;1.046875;0.2578125;0.203125;0.32421875;0.6015625
0.23046875;0.17578125;0.23828125;0.2109375;0.16015625;0.3671875;0.46875;0.09375;0.1484375;0.16796875;0.0625;0.0390625;0.22265625;0.29296875;0.671875;0.23828125
0.31640625;0.48828125;0.2265625;0.1328125;0.140625;0.54296875;0.15234375;0.0234375;0.609375;0.02734375;0.12109375;0.390625;0.42578125;0.171875;0.0859375;0.125
0.0546875;0.078125;0.12109375;1.08984375;0.1015625;0.03125;0.17578125;0.81640625;0.26171875;0.06640625;0.16015625;0.2734375;0.20703125;0.08203125;0.15234375;0.21484375
0.71875;0.7578125;0.51171875;0.1328125;0.5234375;0.46484375;0.3671875;0.03125;0.375;0.109375;0.046875;0.140625;0.51171875;0.16015625;0.12109375;0.23828125
0.56640625;0.796875;0.56640625;0.796875;0.99609375;1.32421875;1.12109375;1.25390625;0.41015625;0.2578125;0.25;0.046875;0.79296875;1.41015625;0.81640625;1.36328125
0.1875;0.1328125;0.51953125;0.45703125;0.05859375;0.4296875;0.5859375;0.015625;0.046875;0.5625;0.1796875;0.0703125;0.04296875;0.48046875;0.2265625;0.3125
0.328125;0.11328125;0.18359375;0.30078125;0.3046875;0.24609375;0.36328125;0.45703125;0.203125;0.13671875;0.21875;0.421875;0.65625;0.33203125;0.81640625;0.7734375
0.2109375;0.6953125;0.42578125;0.58203125;0.34765625;0.6015625;0.14453125;0.15234375;0.29296875;0.1640625;0.3125;0.1953125;0.56640625;0.0078125;0.765625;0.51953125
0.046875;0.1796875;0.23828125;0.93359375;0.234375;0.18359375;0.10546875;1.0703125;0.23828125;0.05078125;0.14453125;0.34375;0.00390625;0.109375;0.1015625;0.73046875
0.21484375;0.83203125;0.6015625;0.62109375;0.19921875;0.63671875;0.26171875;0.33984375;0.359375;0.43359375;0.26171875;0.34375;0.37109375;0.4296875;0.50390625;0.4140625
0.4296875;1.05078125;0.87109375;0.5625;0.41015625;0.80078125;0.5078125;0.5390625;0.35546875;0.4375;0.3359375;0.390625;0.2109375;0.90625;0.60546875;0.32421875
0.75;0.78515625;0.484375;0.1484375;0.58984375;1.01953125;0.0078125;0.37109375;0.68359375;0.6484375;0.1015625;0.1328125;1.08984375;0.5390625;0.17578125;0.2421875
0.23828125;0.1015625;0.234375;0.08203125;0.125;0.28515625;0.66796875;0.11328125;0.34375;0.4375;1.13671875;0.00390625;0.52734375;0.2890625;0.875;0.13671875
0.16015625;0.44921875;1.328125;0.796875;0.25390625;0.11328125;0.71875;0.57421875;0.15234375;0.28515625;0.609375;0.30078125;0.11328125;0.82421875;0.91796875;0.203125
0.109375;0.515625;0.0078125;0.08203125;0.0234375;0.328125;0.0546875;0.44921875;0.14453125;0.44921875;0.1796875;0.296875;0.1328125;0.28125;0.66015625;0.4375
0.3984375;0.37890625;0.40234375;0.0703125;0.57421875;0.9140625;0.6484375;0.66015625;0.234375;0.1640625;0.5390625;0.12890625;0.1875;0.21484375;0.37890625;0.11328125
0.07421875;0.08984375;0;0.234375;0.07421875;0.21875;0.23828125;0.36328125;0.14453125;0.1875;0.046875;0.23828125;0.0625;0.390625;0.1796875;0.47265625
0.03515625;1.046875;0.15625;0.6171875;0.0390625;0.89453125;0.13671875;0.34375;0.0234375;0.671875;0.0234375;0.609375;0.23828125;0.5859375;0.03125;0.484375
0.5;0.0625;0.26953125;0.078125;0.53125;0.0390625;0.2890625;0.02734375;0.16015625;0.1640625;0.234375;0.296875;0.1328125;0.078125;0.14453125;0.2265625
0.59765625;0.0234375;0.40625;0.70703125;0.33984375;0.14453125;0.25390625;0.55078125;0.671875;0.0625;0.6484375;0.734375;0.56640625;0.0625;0.4765625;0.7421875
0.57421875;0.65234375;0.20703125;0.40234375;0.99609375;1.2109375;0.8125;0.578125;0.10546875;0.609375;0.328125;0.17578125;0.6796875;1.19921875;0.48046875;0.8203125
0.3828125;0.4375;0.1953125;0.09765625;0.1953125;0.48046875;0.34765625;0.109375;0.6875;0.4375;0.01171875;0.42578125;0.6328125;0.58203125;0.22265625;0.46484375
0.10546875;0.140625;0.3359375;0.26171875;0.171875;0.04296875;0.04296875;0.3515625;0.37109375;0.015625;0.203125;0.30078125;0.01171875;0.03125;0.20703125;0.59375
0.20703125;0.58203125;0.26171875;0.27734375;0.390625;0.51953125;0.11328125;0.140625;0.265625;0.47265625;0.2734375;0.296875;0.37890625;0.86328125;0.08203125;0.36328125
0.65234375;0.55859375;1.83984375;0.96875;0.578125;0.87109375;1.75;1.16796875;0.15625;0.30859375;1.36328125;0.90234375;0.40625;0.47265625;1.42578125;0.859375
0.02734375;0.20703125;0.3046875;0.65625;0.01171875;0.12109375;0.02734375;0.2578125;0.1953125;0.390625;0.46875;0.3984375;0.1171875;0.20703125;0.3125;0.58984375
0.7734375;0.171875;1.1953125;0.21484375;0.4921875;0.078125;1.0546875;0.20703125;0.5625;0.0234375;0.6875;0.48046875;0.43359375;0.36328125;0.8359375;0.4140625
0.32421875;0.1171875;0.1484375;0.9921875;0.4140625;0.23046875;0.46484375;0.05859375;0.29296875;0.1328125;0.25;0.19140625;0.23046875;0.3515625;0.03515625;0.453125
0;0.140625;0.36328125;0.07421875;0.05078125;0.11328125;0.3046875;0.05859375;0.265625;0.1015625;0.6796875;0.44921875;0.3671875;0.10546875;0.5703125;0.296875
0.921875;0.09765625;0.109375;0.05859375;0.62109375;0.125;0.0625;0.27734375;0.5546875;0.11328125;0.01953125;0.16015625;0.85546875;0.0703125;0.35546875;0.19921875
0.43359375;0.49609375;0.80859375;0.40234375;0.67578125;0.1015625;0.32421875;0.44140625;0.57421875;0.5234375;0.0703125;0.22265625;0.5859375;0.20703125;0.27734375;0.58203125
0.07421875;0.71484375;0.125;0.10546875;0.23828125;0.64453125;0.3828125;0.56640625;0.01171875;1.0546875;0.02734375;0.07421875;0.03515625;0.73046875;0.078125;0.1171875
0.17578125;0.02734375;0.15234375;0.26953125;0.43359375;0.25390625;0.4296875;0.6328125;0.015625;0.0546875;0;0.12890625;0.60546875;0.109375;0.3671875;0.90234375
1.11328125;0.87109375;0.0546875;0.625;0.8125;0.74609375;0.02734375;0.49609375;1.01953125;0.5390625;0.0078125;0.4296875;0.74609375;0.125;0.109375;0.40234375
0.39453125;0.1796875;0.0625;0.08203125;0.6171875;0.08203125;0.015625;0.1796875;0.19140625;0.3671875;0.390625;0.48828125;0.21484375;0.35546875;0.31640625;0.29296875
0.56640625;0.390625;0.078125;0.625;0.12890625;0.40234375;0.10546875;0.32421875;0.140625;0.08984375;0.31640625;0.90234375;0.34375;0.125;0.265625;0.84375
0.5625;0.06640625;0.3671875;0.35546875;0.8125;0.27734375;1.1875;0.37890625;0.3671875;0.8515625;0.296875;0.46875;0.62109375;0.4296875;0.5703125;0.12109375
0.1640625;0.078125;0.80078125;0.50390625;0.0390625;0.48046875;0.6171875;0.5703125;0.03515625;0.1640625;1.2109375;0.6015625;0.109375;0.265625;0.97265625;0.19921875
0.3046875;0.12890625;0.484375;0.4609375;0.26171875;0.66796875;0.18359375;0.234375;0.0703125;0.421875;0.3515625;0.421875;0.09375;0.4296875;0.078125;0.32421875
0.57421875;0.6953125;0.73828125;0.2421875;0.34765625;0.05078125;0.14453125;0.50390625;0.3359375;0.19140625;0.28515625;0.171875;0.671875;0.59375;0.640625;0.8359375
0.45703125;0.33203125;0.6953125;0.3359375;0.16015625;0.08203125;0.4296875;0.07421875;0.56640625;0.30078125;0.72265625;0.0625;0.859375;0.58203125;0.78125;0.140625
0.74609375;0.52734375;0.29296875;0.21875;0.4296875;0.2890625;0.0859375;0.1640625;0.62109375;0.4765625;0.234375;0.21484375;0.546875;0.8046875;0.14453125;0.39453125
0.30859375;0.39453125;0.84375;0.65625;0.12890625;0.10546875;0.5859375;0.34375;0.171875;0.41015625;0.02734375;0.80078125;0.0078125;0.0234375;0.25390625;0.29296875
0.01171875;0.01171875;0.53515625;0.58203125;0.046875;0.03515625;0.4140625;0.546875;0.125;0.015625;0.49609375;0.83203125;0.09375;0;0.53125;0.76953125
0.76953125;0.37890625;1.06640625;0.2578125;0.7734375;0.51953125;0.97265625;0.0859375;0.453125;0.2265625;0.6640625;0.3125;0.9453125;0.24609375;1.3359375;0.00390625
0.48046875;0.28515625;0.5703125;0.2421875;0.703125;0.19140625;0.69140625;0.4921875;0.69140625;0.09375;0.59375;0.125;0.546875;0.3515625;0.39453125;0.609375
0.14453125;0.13671875;0.203125;0.46484375;0.0625;0.21484375;0.2265625;0.65625;0.234375;0.4296875;0.42578125;0.625;0.33984375;0.41796875;0.0390625;0.52734375
0.359375;0.515625;0.1953125;0.03515625;0.02734375;0.1640625;0.1171875;0.14453125;0.2421875;0.0546875;0.328125;0.40625;0.15234375;0.4921875;0.15234375;0.1796875
0.18359375;0.05078125;0.33984375;0.21484375;0.87890625;0.24609375;0.203125;0.8984375;0.6015625;0.2421875;0.03125;0.44140625;0.10546875;0.2265625;0.1484375;0.1328125
0.3125;0.26953125;0.2421875;0.4921875;0.06640625;0.49609375;0.3359375;0.59765625;0.18359375;0.3359375;0.19921875;0.23828125;0.359375;0.265625;0.1328125;0.578125
0.78125;0.57421875;0.25;0.5859375;0.3125;0.59765625;0.20703125;0.5078125;0.8515625;0.4453125;0.45703125;0.35546875;0.19140625;0.34765625;0.0625;0.05859375
0.9921875;0.28125;0.046875;0.5859375;0.12109375;0.0625;0.2734375;0.09375;0.87109375;0.31640625;0.1796875;0.3125;0.3046875;0.16796875;0.40234375;0.03515625
0.41796875;0.3359375;0.16796875;0.5390625;0.0078125;0.31640625;0.37109375;0.2734375;0.53515625;0.50390625;0.31640625;0.87109375;0.46484375;0.7265625;0.43359375;0.96875
0.15234375;0.63671875;0.5625;0.2734375;0.04296875;0.4140625;0.0625;0.19921875;0.34765625;0.76953125;0.78515625;0.23046875;0.47265625;0.3359375;0.4140625;0.08203125
0.17578125;0.88671875;0.3515625;0.01171875;0.54296875;0.328125;1.07421875;0.8046875;0.5703125;0.46875;0.55859375;0.4296875;0.1875;0.05078125;0.515625;0.11328125
0.25390625;0.73046875;0.37109375;0.21875;0.36328125;0.46875;0.12109375;0.0703125;0.13671875;0.34765625;0.40625;0.1953125;0.5390625;0.875;0.16796875;0.203125
0.60546875;0.0859375;0.04296875;0.0859375;0.22265625;0.421875;0.1875;0.1796875;0.35546875;0.06640625;0.046875;0.0859375;0.296875;0.0859375;0.015625;0.32421875
0.5390625;0.140625;0.00390625;0.29296875;0.33984375;0.328125;0.17578125;0.41015625;0.49609375;0.12890625;0.05859375;0.28515625;0.7578125;0.5390625;0.11328125;0.04296875
0.28515625;0.35546875;0.6640625;0.109375;0.03125;0.00390625;0.34375;0.07421875;0.40625;0.19140625;0.2734375;0.33203125;0.02734375;0.140625;0.13671875;0.13671875
0.609375;0.30078125;0.88671875;0.44140625;0.19921875;0.78515625;0.83203125;1.02734375;0.28125;0.01953125;0.76171875;0.3671875;0.5703125;0.66015625;0.6328125;0.640625
0.0546875;0.078125;0.57421875;0.5703125;0.11328125;0.3515625;0.1953125;0.7734375;0.19921875;0.47265625;0.109375;0.6484375;0.39453125;0.4609375;0.5234375;0.87890625
0.20703125;0.05859375;0.421875;0.28515625;0.05078125;0.19921875;0.25;0.13671875;0.10546875;0.3203125;0.34375;0.203125;0.09765625;0.2734375;0.02734375;0.21875
0.81640625;1.02734375;0.33984375;0.46875;0.59375;0.54296875;0.0625;0.80078125;0.40625;0.28125;0.14453125;0.93359375;0.6015625;0.625;0.1015625;0.73046875
0.58984375;1.00390625;0.5078125;0.15625;0.2421875;0.52734375;0.2890625;0.0078125;0.19140625;0.4453125;0.109375;0.37109375;0.7421875;1.09375;0.359375;0.140625
0.3359375;0.22265625;0.078125;0.01171875;0.16015625;0.171875;0.02734375;0.43359375;0.234375;0.0859375;0.15625;0.3125;0.12109375;0.0078125;0.18359375;0.1015625
0.3359375;0.5546875;0.609375;0.80078125;0.66015625;0.1953125;0.65234375;0.23828125;0.15234375;0.421875;0.58984375;0.56640625;0.51171875;0.453125;0.85546875;0.5703125
0.515625;0.19140625;0.0625;0.46484375;0.38671875;0.34765625;0.12890625;0.390625;0.41015625;0.03125;0.015625;0.47265625;0.25390625;0.02734375;0.0625;0.4140625
0.265625;0.30859375;0.1796875;0.12109375;0.12890625;0.5234375;0.68359375;0.36328125;0.60546875;0.41796875;0.0390625;0.1328125;0.0859375;0.37109375;0.80859375;0.45703125
0.24609375;0.15234375;0.2890625;0.26953125;0.03125;0.23828125;0.11328125;0.53515625;0.26953125;0.2265625;0.015625;0.12109375;0.21484375;0.35546875;0.09765625;0.30078125
0.58984375;0.4765625;0.2421875;0.08203125;0.4921875;0.59765625;0.09375;0.11328125;0.65234375;0.328125;0.08984375;0.2890625;0.12890625;0.1171875;0.1171875;0.64453125
0.01953125;0.30859375;0.1015625;0.42578125;0.796875;0.05078125;0.890625;0.2109375;0.19140625;0.73828125;0.625;0.01953125;0.25390625;0.4140625;0.33203125;0.2421875
0.63671875;0.0859375;0.05078125;0.4921875;0.625;0.07421875;0.140625;0.03125;0.453125;0.19140625;0.00390625;0.01171875;0.921875;0.171875;0.28125;0.33203125
0.44140625;0.671875;0.359375;0.5390625;0.6875;0.2109375;0.36328125;0.52734375;0.16796875;0.22265625;0.28515625;0.8515625;0.43359375;0.4375;0.21875;0.96484375
0.76171875;0.26953125;0.26953125;0.1328125;1.0078125;0.359375;0.4921875;0.16015625;0.76171875;0.2734375;0.28515625;0.12890625;0.85546875;0.203125;0.328125;0.38671875
0.7890625;0.71484375;0.13671875;0.58984375;0.54296875;0.20703125;0.1015625;0.27734375;0.14453125;0.9375;0.2109375;0.0625;0.265625;0.109375;0.22265625;0.05859375
0.609375;0.62890625;0.15234375;0.4453125;0.19921875;0.90234375;0.39453125;0.16796875;0.4375;0.26953125;0.3828125;0.14453125;0.62890625;0.61328125;0.03515625;0.375
0.39453125;0.71484375;0.0625;0.15625;0.26171875;0.82421875;0.30078125;0.08984375;0.546875;0.53125;0.40625;0.0546875;1.203125;0.8125;0.328125;0.0859375
0.140625;0.0546875;1.00390625;0.66015625;0.671875;0.2578125;0.671875;0.98046875;0.25390625;0.44140625;1.140625;0.7265625;0.55078125;0.37890625;0.2578125;0.58984375
0.37890625;0.0859375;0.4375;0.22265625;0.0234375;0.01171875;0.00390625;0.01171875;0.0234375;0;0.0390625;0;0.2421875;0.0703125;0.12109375;0.2109375
0.1171875;1.6015625;0.9453125;0.15234375;0.046875;0.890625;0.3828125;0;0.3125;0.859375;0.2890625;0.21484375;0.21484375;1.87890625;1.1015625;0.23828125
0.11328125;0.16015625;0.125;0.03515625;0.07421875;0.66796875;0.81640625;0.234375;0.06640625;0.3359375;0.59375;0.1015625;0.1796875;0.51953125;0.35546875;0.4296875
0.578125;0.73828125;0.23828125;0.28125;0.3515625;0.44921875;0.171875;0.078125;0.24609375;0.3671875;0.14453125;0.03515625;0.33984375;1.0078125;0.09765625;0.0546875
0.02734375;0.82421875;0.7890625;0.29296875;0.2109375;0.62890625;0.21484375;0.04296875;0.0546875;0.78125;0.91015625;0.3828125;0.2109375;0.421875;0.3203125;0
0.453125;0.59375;0.078125;0.74609375;0.609375;0.03125;0.19921875;0.421875;0.2421875;0.8359375;0.19921875;0.96484375;0.67578125;0.0625;0.234375;0.5546875
0.19140625;0.16015625;0.0625;0.2265625;0.4453125;0.49609375;0.22265625;0.48828125;0.37109375;0.06640625;0.4375;0.35546875;0.52734375;0.328125;0.38671875;0.60546875
0.94140625;0.05859375;0.1171875;0.10546875;0.57421875;0.28515625;0.12109375;0.03125;1.265625;0.2109375;0.27734375;0.34375;0.84375;0.09375;0.12109375;0.59375
0.1640625;0.01953125;0.5703125;0.16015625;0.3359375;0.37890625;0.3515625;1.1015625;0.01953125;0.33984375;0.296875;0.37109375;0.05078125;0.00390625;0.078125;0.2578125
0.2109375;0.28515625;0.59765625;0.8359375;0.12109375;0.234375;0.046875;0.16796875;0.03515625;0.16015625;0.1953125;0.609375;0.0625;0.09765625;0.1953125;0.45703125
0.6640625;0.32421875;0.66015625;0.37890625;0.1171875;0.1171875;0.1875;0.2578125;0.015625;0.19140625;0.27734375;0.296875;0.34375;0.4140625;0.00390625;0.12890625
0.33984375;0.25390625;0.72265625;0.70703125;0.02734375;0.1953125;0.4296875;0.4609375;0.3046875;0.17578125;0.6171875;0.609375;0.6484375;0.0859375;0.5234375;0.3515625
0.3984375;0.66796875;0.60546875;1.234375;0.2265625;0.37890625;0.5625;0.71484375;0.12109375;0.046875;0.421875;0.3515625;0.0390625;0.08984375;0.49609375;0.3046875
0.72265625;0.1953125;0.515625;0.86328125;0.015625;0.3359375;0.23828125;0.796875;0.4765625;0.09765625;0.16015625;0.84765625;0.5703125;0.29296875;0.66796875;0.76171875
0.25;0.16015625;0.1015625;0.0703125;0.52734375;0.05859375;0.05078125;0.1875;0.6328125;0.12890625;0.2109375;0.078125;0.62890625;0.2109375;0.34765625;0.16796875
0.6171875;0.43359375;0.05859375;0.515625;0.7109375;0.28515625;0.28125;0.76953125;0.90234375;0.66015625;0.07421875;0.4765625;0.51953125;0.1796875;0.4140625;0.56640625
0.4140625;0.15625;0.60546875;0.0078125;0.83984375;0.2578125;0.48828125;0.015625;0.9140625;0.26953125;0.3671875;0.01171875;0.8671875;0.15625;0.36328125;0.13671875
0.2109375;0.55859375;0.74609375;0.8515625;0.19140625;0.3125;0.37890625;0.40234375;0.61328125;0.33984375;0.5;0.68359375;0.19921875;0.6796875;0.703125;1.046875
0.03125;0.29296875;0.421875;0.1796875;0.41015625;0.27734375;0.11328125;0.16015625;0.2578125;0.109375;0.17578125;0.109375;0.1484375;0.125;0.20703125;0.08203125
0.328125;0.71484375;0.08203125;0.27734375;0.4140625;0.19921875;0.6328125;0.2890625;0.37890625;0.59375;0.19140625;0.0078125;0.421875;0.47265625;0.5546875;0.0078125
0.73828125;0;0.84375;0.5390625;0.234375;0.2265625;0.140625;0.3203125;0.87890625;0.02734375;1.0703125;0.55859375;0.34765625;0.27734375;0.26171875;0.27734375
0.27734375;0.0859375;0.578125;0.4375;0.09375;0.4921875;0.82421875;0.47265625;0.625;0.484375;0.6640625;0.7109375;0.203125;0.3515625;0.97265625;0.578125
0.265625;0.046875;0.16015625;0.2109375;0.8203125;0.01953125;0.2265625;0.3515625;0.171875;0.0546875;0.359375;0.26171875;0.41015625;0.14453125;0.515625;0.32421875
1.2890625;0.64453125;0.46484375;0.16796875;0.80859375;0.6015625;0.2890625;0.375;1.64453125;0.3671875;0.58203125;0.31640625;1.03125;0.24609375;0.3125;0.015625
0.05859375;0.265625;0.54296875;0.91796875;0.1015625;0.3046875;0.1015625;0.80078125;0.1953125;0.21484375;0.80078125;1.3671875;0.125;0.0703125;0.05859375;0.58203125
0.625;0.34375;0.21875;0.44140625;0.15234375;0.04296875;0.12890625;0.08203125;0.23046875;0.07421875;0.07421875;0.30859375;0.01953125;0.140625;0.02734375;0.39453125
0.64453125;0.515625;0.10546875;0.82421875;0.25;0.0390625;0.66796875;0.25;0.50390625;0.3203125;0.51953125;0.82421875;0.55078125;0.07421875;0.31640625;0.83984375
0.87890625;0.45703125;0.828125;0.38671875;0.61328125;0.04296875;0.6875;0.4765625;0.75390625;0.32421875;0.734375;0.37890625;0.28125;0.0078125;0.71875;0.12890625
2.09765625;0.265625;0.546875;0.1875;1.3203125;0.01171875;0.46875;0.05859375;1.15234375;0.38671875;0.35546875;0.125;0.84375;0.05078125;0.43359375;0.1171875
0.5703125;0.125;0.1328125;0.16015625;0.703125;0.54296875;0.05859375;0.05859375;0.4375;0.1484375;0.375;0.08984375;0.48828125;0.3828125;0.08203125;0.25
0.453125;0.31640625;0.078125;0.09765625;0.73046875;0.3203125;0.19921875;0.36328125;0.3828125;0.703125;0.2578125;0.3359375;0.3046875;1.07421875;0.26953125;0.25
0.5390625;0.2578125;0.33203125;0.19140625;0.61328125;0.18359375;0.34765625;0.2109375;0.62890625;0.09765625;0.484375;0.29296875;0.296875;0.03515625;0.3046875;0.37109375
0.3125;0.87890625;0.25;0.6015625;0.19921875;0.2890625;0.23828125;0.18359375;0.27734375;0.0234375;0.30078125;0.40234375;0.00390625;0.3515625;0.30859375;0.24609375
0.26171875;0.015625;0.54296875;0.2734375;0.234375;0.10546875;0.34765625;0.0703125;0.39453125;0.17578125;0.7265625;0.23828125;0.3671875;0.09375;0.5234375;0.3671875
0.49609375;0.0078125;0.1875;0.45703125;1.0078125;0.0859375;0.25;0.62109375;0.515625;0.06640625;0.125;0.08203125;0.578125;0.41796875;0.19140625;0.94140625
0.3046875;1.12109375;1.02734375;0.03125;0.36328125;0.328125;0.828125;0.1796875;0.09765625;1.0390625;0.9296875;0.1015625;0.34765625;0.5625;1.171875;0.07421875
0.80859375;0.1875;0.73828125;0.00390625;0.37109375;0.1015625;0.5078125;0.07421875;0.9296875;0.12890625;0.7265625;0.0390625;0.45703125;0.0234375;0.44921875;0.1328125
0.41796875;0.421875;0.15625;0.30078125;0.6171875;0.046875;0.21875;0.2265625;0.01171875;0.44921875;0.06640625;0.3125;0.61328125;0.1015625;0.30078125;0.28125
0.4296875;0.22265625;0.36328125;0.1875;0.29296875;0.10546875;0.25;0.3203125;0.0390625;0.328125;0.4140625;0.1796875;0.05078125;0.33203125;0.453125;0.26171875
0.4140625;0.5390625;0.390625;0.15625;0.203125;0.47265625;0.10546875;0.015625;0.37890625;0.75390625;0.2421875;0.34765625;0.125;0.37890625;0.23046875;0.1875
0.421875;0.11328125;0.36328125;0.0078125;0.421875;0.07421875;1.30078125;0.546875;0.04296875;0.0234375;0.8203125;0.26953125;0.42578125;0.12890625;0.640625;0.48046875
0.609375;0.2265625;0.25390625;0.37109375;0.109375;0.078125;0.3515625;0.0390625;0.140625;0.15625;0.140625;0.140625;0.6015625;0.12890625;0.5625;0.12890625
1.23828125;0.7578125;0.65625;1.05859375;0.53515625;0.07421875;0.12109375;0.23828125;1.09375;0.421875;0.3125;0.4140625;0.81640625;0.15234375;0.16015625;0.25390625
0.0859375;0.7265625;0.84765625;0.26953125;0.4921875;0.671875;0.7265625;0;0.16015625;0.65234375;0.734375;0.2421875;0.171875;0.97265625;0.74609375;0.171875
0.24609375;0.00390625;0.51171875;0.1875;0.34375;0.1484375;0.46875;0.09765625;0.05078125;0.3671875;0.25;0.28125;0.33203125;0.046875;0.35546875;0.0859375
0.27734375;0.40234375;0.3359375;0.60546875;0.265625;0.88671875;0.65234375;0.02734375;0.06640625;0.015625;0.4609375;0.875;0.46875;0.5390625;0.62109375;0.41015625
0.609375;0.2734375;0.33984375;0.140625;0.2734375;0.02734375;0.46484375;0.03515625;0.11328125;0.0078125;0.53515625;0.0546875;0.48828125;0.28515625;0.91015625;0.03515625
0.62890625;0.4296875;0.84765625;0.19921875;1.07421875;0.4921875;0.68359375;0.3984375;1.046875;0.32421875;1.21484375;0.3828125;0.796875;0.33203125;0.34375;0.265625
0.08984375;0.26953125;0.2421875;0.30859375;0.4921875;0.13671875;0.12890625;0.625;0.62890625;0.2734375;0.3984375;0.78515625;0.078125;0.11328125;0.1015625;0.5
0.0546875;0.3671875;0.484375;0.8359375;0.01171875;0.26171875;0.2421875;0.3359375;0.21875;0.20703125;0.1953125;0.3203125;0.125;0.42578125;0.34375;0.859375
0.265625;0.12109375;0.21484375;0.0234375;0.234375;0.61328125;0.4453125;0.15625;0.12890625;0.33984375;0.171875;0.11328125;0.34375;0.23828125;0.39453125;0.25
0.6640625;0.2265625;0.06640625;0.69140625;0.12890625;0.07421875;0.28125;0.30078125;0.46875;0.32421875;0.2578125;0.47265625;0.17578125;0.51171875;0.01953125;0.0625
0.00390625;0.1171875;0.02734375;0.4609375;0.1875;0.09765625;0.015625;0.5;0.10546875;0.11328125;0.0546875;0.46484375;0.1015625;0.03125;0.046875;0.53125
0.6015625;0.44140625;0.2109375;0.09375;0.09765625;0.2578125;0.10546875;0.0390625;0.58984375;0.609375;0.37890625;0.28515625;0.20703125;0.03125;0.3828125;0.03515625
0.2734375;0.671875;0.328125;0.27734375;0.69921875;0.5390625;0.4296875;0.54296875;0.40234375;0.96484375;0.75;0.578125;0.671875;1.1484375;1.0078125;0.87890625
0.26171875;0.4609375;0.52734375;0.2578125;0.22265625;0.5546875;0.18359375;0.37890625;0.0234375;0.46484375;0.56640625;0.19140625;0.17578125;0.22265625;0.34375;0.7578125
0.66015625;0.23046875;0.21875;0.58984375;0.40625;0.35546875;0.25390625;0.8046875;0.30859375;0.24609375;0.33984375;0.59375;0.484375;0.1953125;0.3984375;0.48046875
0.0625;0.1875;0.2421875;0.3671875;0.21875;0.44140625;0.03515625;0.140625;0.16015625;0.015625;0.171875;0.03515625;0.37890625;0.5078125;0.234375;0.07421875
0.23828125;0.21484375;0.15625;1.08984375;0.359375;0.0625;0.11328125;0.1953125;0.15234375;0.09765625;0.01171875;0.7265625;0.25390625;0.0078125;0.0859375;0.68359375
0.34765625;0.44140625;0.33984375;0.1484375;0.1796875;0.34765625;0.703125;0.1484375;0.2421875;0.3828125;0.35546875;0.1484375;0.04296875;0.64453125;0.34765625;0.48828125
0.62109375;1.05859375;1.1640625;0.875;0.4765625;0.6640625;0.53125;0.58203125;0.0546875;0.6796875;0.6171875;0.12890625;0.2109375;0.38671875;0.1796875;0.21875
1.01953125;0.92578125;0.13671875;0.04296875;0.48828125;1.32421875;0.31640625;0.5390625;0.62109375;0.4140625;0.28125;0.03125;1.25;1.04296875;0.23046875;0.0703125
0.55078125;0.109375;0.53125;0.06640625;0.734375;0.4453125;0.1015625;0.02734375;0.71484375;0.1640625;0.3125;0.1953125;0.96484375;0.08203125;0.8828125;0.1015625
0.4140625;0.63671875;1.1328125;0.60546875;0.06640625;0.80859375;1.2421875;0.30078125;0.25390625;0.86328125;1.2421875;0.48046875;0.265625;0.4921875;0.65625;0.046875
0.03125;0.484375;0.515625;0.5;0.16015625;0.546875;0.515625;0.12109375;0.125;0.6171875;0.671875;0.02734375;0.06640625;0.6328125;0.58984375;0.22265625
0.49609375;0.6875;0.49609375;0.28125;0.13671875;0.2421875;0.27734375;0.2421875;0.03515625;0.17578125;0.4296875;0.34765625;0.52734375;0.796875;0.75;0.47265625
0.11328125;0.3046875;0.16796875;0.35546875;0.484375;0.3046875;0.22265625;0.796875;0.33203125;0.2890625;0.0546875;0.40625;0.12109375;0.06640625;0.01953125;0.36328125
0.25;0.58984375;0.0390625;0.48828125;0.34765625;0.890625;0.05859375;0.4609375;0.19921875;0.79296875;0.08984375;0.39453125;0.06640625;0.80078125;0.10546875;0.359375
0.22265625;0.0078125;0.02734375;0.08984375;0.00390625;0.05859375;0.05078125;0.02734375;0.3125;0.0546875;0.0703125;0.0859375;0.1484375;0.02734375;0.17578125;0.02734375
0.23046875;0.10546875;0.25390625;0.77734375;0.77734375;0.01171875;0.51953125;0.2421875;0.609375;0.01171875;0.24609375;0.5078125;1.01953125;0;0.625;0.19921875
0.17578125;0.67578125;0.4921875;0.171875;0.5625;0.87109375;0.265625;0.04296875;0.203125;0.51171875;0.68359375;0.41015625;0.5546875;0.81640625;0.83984375;0.515625
0.39453125;0.30859375;0.3203125;0.046875;0.73828125;0.1953125;0.04296875;0.3046875;0.23828125;0.6171875;0.26953125;0.1953125;0.015625;0.62890625;0.15625;0.32421875
0.08203125;0.18359375;0.23828125;0.515625;0.28125;0.10546875;0.15234375;0.55078125;0.390625;0.140625;0.1953125;0.44140625;0.05859375;0.375;0.7265625;0.40234375
0.15234375;0.52734375;0.0859375;0.234375;0.1796875;0.203125;0.109375;0.01953125;0.125;0.078125;0.03515625;0.09375;0.5625;0.7890625;0.17578125;0.046875
0.72265625;0.921875;1.671875;0.921875;0.07421875;0.0546875;1.21484375;0.796875;0.35546875;0.5625;1.2109375;0.80078125;0.0625;0.72265625;1.3359375;1.26953125
0.1875;0.015625;0.24609375;0.1796875;0.03515625;0.33984375;0.19140625;0.51171875;0.1171875;0.09375;0.13671875;0.21484375;0.2265625;0.01171875;0.0078125;0.40625
0.4765625;0.3359375;1.15234375;0.08984375;0.47265625;0.08984375;0.890625;0.09375;0.3828125;0.73046875;0.0390625;0.18359375;0.453125;0.0703125;0.48828125;0.19140625
0.375;0.2109375;0.16796875;0.41796875;0.44921875;0.20703125;0.5859375;0.6953125;0.05078125;0.328125;0.09765625;0.65234375;0.51171875;0.04296875;0.08203125;0.54296875
0.40234375;0.125;0.6640625;0.44921875;0.5703125;0.13671875;0.64453125;0.390625;0.56640625;0.08984375;0.4765625;0.234375;1.02734375;0.0546875;0.80078125;0.6328125
0.7109375;0.078125;0.19921875;0.06640625;1.125;0.12109375;0.1015625;0.0078125;0.96484375;0.09375;0.375;0.23046875;0.73828125;0.19921875;0.03125;0.01171875
0.84765625;0.5;0.03515625;0.59765625;0.4453125;0.7734375;0.24609375;0.38671875;0.3203125;0.8515625;0.40625;0.46875;0.64453125;0.73046875;0.5546875;0.70703125
0.07421875;0.94140625;0.1484375;0.375;0.01171875;0.453125;0.1171875;0.14453125;0.15625;0.9140625;0.04296875;0.20703125;0.24609375;1.1640625;0.17578125;0.53125
0.11328125;0.15234375;0.0078125;0.30859375;0.12109375;0.1875;0.66015625;0.6640625;0.08203125;0.09375;0.1640625;0.30078125;0.2421875;0.13671875;0.296875;0.4375
1.0390625;0.89453125;0.171875;0.38671875;0.73828125;0.109375;0.18359375;0.40625;0.96484375;0.6953125;0.19921875;0.14453125;0.80859375;0.7734375;0.015625;0.62109375
0.5234375;0.265625;0.234375;0.16015625;0.12109375;0.01953125;0.12109375;0.328125;0.6796875;0.36328125;0.2265625;0.0078125;0.2578125;0.03515625;0.05859375;0.078125
0.21875;0.32421875;0.14453125;0.49609375;0.078125;0.0859375;0.04296875;0.62109375;0.6328125;0.27734375;0.01171875;0.60546875;0.13671875;0.20703125;0.1796875;0.6328125
0.0703125;0.94921875;0.44140625;0.84375;0.1484375;0.05859375;0.46484375;0.35546875;0.19140625;0.4921875;0.26171875;0.671875;0.3125;0.4609375;0.46484375;1.19140625
0.13671875;0.28515625;1.19921875;0.19921875;0.04296875;0.1796875;0.76171875;0.23828125;0.2734375;0.515625;1.18359375;0.9375;0.09765625;0.375;1.03515625;0.40625
0.19921875;0.2421875;0.28125;0.33984375;0.109375;0.45703125;0.234375;0.15625;0.03515625;0.36328125;0.0234375;0.30859375;0.06640625;0.37890625;0.1796875;0.4296875
0.3515625;0.72265625;0.94140625;0.5390625;0.46875;0.4296875;0.53515625;0.30859375;0.59765625;0.76953125;0.828125;0.171875;0.234375;0.66015625;0.92578125;0.546875
0.08984375;0.046875;0.46484375;0.34375;0.80859375;0.328125;0.875;0.03125;0.19921875;0.01171875;0.484375;0.0546875;0.33984375;0.23828125;0.54296875;0
0.8203125;0.70703125;0.1796875;0.375;0.703125;0.25;0.43359375;0.1328125;0.54296875;0.87109375;0.234375;0.58203125;0.1796875;0.6875;0.3671875;0.359375
0.30859375;0.55078125;0.01171875;0.890625;0.203125;0.140625;0.63671875;0.33203125;0.3671875;0.47265625;0.60546875;0.734375;0.5078125;0.4375;0.36328125;0.58203125
0.046875;0.0546875;0.30078125;0.07421875;0.0390625;0.09765625;0.57421875;0.16796875;0.08203125;0.01171875;0.4765625;0.625;0.07421875;0.13671875;0.38671875;0.0625
0.84765625;0.06640625;0.93359375;0.234375;0.60546875;0.3203125;0.703125;0.3984375;0.91015625;0.01953125;1.30859375;0.47265625;0.359375;0.0234375;0.828125;0.06640625
0.36328125;0.35546875;0.75390625;0.29296875;0.26953125;0.08984375;0.3359375;0.1953125;0.5234375;0.36328125;0.41796875;0.5625;0.8046875;0.24609375;1.06640625;0.484375
0.16796875;0.27734375;0.20703125;0.4296875;0.33984375;0.3984375;0.26953125;0.39453125;0.01953125;0.18359375;0.140625;0.77734375;0.30078125;0.42578125;0.328125;0.51953125
0.4375;0.34375;0.21484375;0.09375;0.1015625;0.01171875;0.140625;0.2734375;0.16015625;0.1015625;0.03125;0.171875;0.17578125;0.5078125;0.01953125;0.33203125
0.2578125;0.06640625;0.24609375;0.66015625;0.61328125;0.23046875;0.0234375;0.56640625;0.55859375;0.296875;0.1328125;0.30859375;0.4375;0.37109375;0.11328125;0.078125
0.39453125;0.17578125;0.05859375;0.4921875;0.17578125;0.43359375;0.2578125;0.29296875;0.046875;0.52734375;0.5;0.70703125;0.0703125;0.55859375;0.515625;0.7578125
0.23828125;1.0078125;0.5078125;0.76171875;0.26171875;1.16796875;0.63671875;0.91015625;0.515625;1.16015625;0.24609375;0.609375;0.7734375;0.6171875;0.28125;0.4375
0.6875;0.21484375;0.15234375;0.4140625;0.75390625;0.02734375;0.2265625;0.41796875;0.828125;0.69921875;0.32421875;0.0390625;0.46484375;0.109375;0.046875;0.5390625
0.484375;0.72265625;0.33203125;0.83203125;0.05078125;0.14453125;0.25;0.23828125;0.26953125;0.2421875;0.24609375;0.5;0.203125;0.30859375;0.23046875;0.41015625
0.51171875;0.3984375;0.5703125;0.12109375;0.42578125;0.33203125;0.33203125;0.1015625;0.2578125;0.7890625;0.46875;0.14453125;0.3515625;0.43359375;0.40234375;0.14453125
0.453125;0.4609375;0.40234375;0.35546875;0.3203125;0.3046875;0.8515625;0.703125;0.0703125;0.125;0.76171875;0.36328125;0.12890625;0.39453125;0.8046875;0.10546875
0.16796875;0.43359375;0.59765625;0.37890625;0.17578125;0.46875;0.5078125;0.28515625;0.31640625;0.90234375;0.19921875;0.09765625;0.3828125;0.7265625;0.12109375;0.0234375
0.84765625;0.08984375;0.05078125;0.30078125;0.1640625;0.203125;0.078125;0.1640625;0.4453125;0.140625;0.01171875;0.1171875;0.06640625;0.3125;0.10546875;0.05859375
0.71875;0.35546875;0.06640625;0.140625;0.34375;0.015625;0.0859375;0.37890625;0.82421875;0.7578125;0.34375;0.14453125;0.58203125;0.64453125;0.22265625;0.05078125
0.20703125;0.11328125;0.359375;0.4921875;0.03515625;0;0.33984375;0.02734375;0.265625;0.33203125;0.5390625;0.12890625;0.484375;0.24609375;0.30859375;0.17578125
0.36328125;0.62890625;0.78125;0.59765625;1.02734375;0.01171875;1.234375;0.03125;0.3046875;0.16015625;0.8515625;0.50390625;0.609375;0.11328125;1.03515625;0.17578125
0.3828125;0.09765625;0.453125;0.72265625;0.15625;0.43359375;0.05078125;0.7421875;0.32421875;0.25390625;1.078125;0.48046875;0.4296875;0.4296875;0.40234375;0.5546875
0.26171875;0.41796875;0.57421875;0.26171875;0.2109375;0.09375;0.08984375;0.12890625;0.08203125;0.27734375;0.04296875;0.23828125;0.07421875;0.046875;0.03125;0.33203125
0.6875;0.89453125;0.265625;0.234375;0.375;0.390625;0.09375;0.62890625;0.76953125;0.76171875;0.08984375;0.87890625;0.26171875;0.09375;0.21484375;0.828125
0.828125;0.7734375;0.52734375;0.01171875;0.00390625;0.3359375;0.1171875;0.06640625;0.14453125;0.4375;0.32421875;0.10546875;0.80078125;1.09765625;0.4921875;0.375
0.203125;0.17578125;0.34375;0.0390625;0.24609375;0.0078125;0.078125;0.28125;0.35546875;0.1484375;0.24609375;0.234375;0.27734375;0.09375;0.05078125;0.25
0.3671875;0.49609375;0.76953125;0.51953125;0.28125;0.390625;0.8125;0.53515625;0.7890625;0.06640625;0.65234375;0.53125;0.84375;0.1015625;0.86328125;0.66796875
0.52734375;0.4375;0.30859375;0.3984375;0.8828125;0.43359375;0.41796875;0.6953125;0.63671875;0.09765625;0.30859375;0.6015625;0.5390625;0.03515625;0.08984375;0.58203125
0.1328125;0.09375;0.57421875;0.28125;0.65234375;0.02734375;0.40234375;0.2890625;0.046875;0.27734375;0.53515625;0.30859375;0.00390625;0.265625;0.3671875;0.21484375
0.2578125;0.33984375;0.22265625;0.5078125;0.03515625;0.21484375;0.1484375;0.484375;0.1171875;0.23046875;0.01953125;0.2421875;0.02734375;0.50390625;0.234375;0.96875
0.08984375;0.23046875;0.00390625;0.76953125;0.05859375;0.00390625;0.21484375;0.5;1.01953125;0.296875;0.19921875;0.29296875;0.171875;0.37890625;0.01171875;0.453125
0.1640625;0.51171875;0.375;0.171875;0.67578125;0.28125;0.59375;0.34765625;0.46875;0.3515625;0.3359375;0.54296875;0.41015625;0.4609375;0.21484375;0.70703125
0.48828125;0.34765625;0.24609375;0.30859375;0.55078125;0.23828125;0.04296875;0.20703125;0.671875;0.0859375;0.09375;0.7109375;0.48046875;0.03125;0.37890625;0.51171875
0.37109375;0.42578125;0.38671875;0.28125;0.484375;0.47265625;0.34765625;1.046875;0.33984375;0.12109375;0.3359375;0.5546875;0.6875;0.48828125;0.29296875;0.46875
0.859375;0.23828125;0.328125;0.29296875;0.75;0.265625;0.32421875;0.0078125;0.8828125;0.0078125;0.484375;0.515625;0.8046875;0.1328125;0.37890625;0.375
0.140625;1.15234375;0.30078125;0.09375;0.5703125;0.265625;0.03125;0.2890625;0.6015625;0.90625;0.06640625;0.43359375;0.375;0.85546875;0.32421875;0.1640625
0.18359375;0.9375;0.08203125;0.3515625;0.859375;0.83203125;0.09375;0.81640625;0.390625;0.50390625;0.40234375;0.23828125;0.43359375;0.8046875;0.1484375;0.515625
0.5546875;0.66796875;0.265625;0.07421875;0.33203125;0.6484375;0.4609375;0.015625;0.88671875;0.625;0.19140625;0.14453125;1.0703125;0.3671875;0.265625;0.14453125
0.31640625;0.375;0.97265625;0.9609375;0.0078125;0.31640625;0.515625;0.18359375;0.4765625;0.36328125;0.26171875;0.5078125;0.8828125;0.71875;0.66796875;1.16015625
0.1875;0.1171875;0.23046875;0.00390625;0.1875;0.13671875;0.28515625;0.08203125;0.01953125;0.02734375;0.0234375;0.01953125;0.03515625;0.09375;0.1640625;0.0234375
0.3984375;1.3046875;0.55859375;0.02734375;0.1171875;0.625;0.171875;0.1015625;0.2734375;0.71484375;0.1484375;0.203125;0.73828125;2.0078125;0.99609375;0.06640625
0.00390625;0.33203125;0.09765625;0.55859375;0.01171875;0.49609375;0.53125;0.0859375;0.0078125;0.58203125;0.39453125;0.078125;0.20703125;0.7890625;0.00390625;0.22265625
0.453125;0.98046875;0.1015625;0.09375;0.07421875;0.515625;0.2734375;0.2265625;0.16015625;0.52734375;0.046875;0.12890625;0.0546875;0.73046875;0.03515625;0.046875
0.41796875;0.78125;0.3046875;0.07421875;0.31640625;1.0078125;0.39453125;0.02734375;0.3671875;0.99609375;1.0390625;0.26171875;0.0078125;0.8515625;0.97265625;0.375
0.6796875;0.16796875;0.1015625;0.515625;0.58984375;0.6953125;0.5859375;1.21875;0.5;0.33203125;0.22265625;0.4609375;0.5390625;0.19140625;0.06640625;0.546875
0.3984375;0.0390625;0.08984375;0.53125;0.296875;0.38671875;0.2109375;0.37890625;0.31640625;0.26171875;0.18359375;0.359375;0.33984375;0.546875;0.37109375;0.78515625
1.04296875;0.15234375;0.05859375;0.62890625;0.68359375;0.06640625;0.234375;0.4921875;1.0859375;0.60546875;0.56640625;0.2265625;0.92578125;0.22265625;0.11328125;0.3828125
0.22265625;0.0234375;0.5234375;0.41015625;0.4375;0.63671875;0.5078125;1.01171875;0.390625;0.5390625;0.546875;0.76171875;0.29296875;0.421875;0.53515625;0.59765625
0.16015625;0.23046875;0.00390625;1.08984375;0.05859375;0.01171875;0.23828125;0.82421875;0.3203125;0.4921875;0.9140625;0.66796875;0.3203125;0.48828125;0.44921875;0.52734375
0.70703125;0.14453125;0.61328125;0.26171875;0.08203125;0.2734375;0.078125;0.1953125;0.0390625;0.0625;0.11328125;0.0234375;0.0703125;0.34765625;0.06640625;0.09375
0.48828125;0.33984375;0.76953125;0.609375;0.0546875;0.2421875;0.6328125;0.6640625;0.6484375;0.1953125;0.31640625;0.078125;0.4765625;0.2578125;0.140625;0.0234375
0.1328125;0.16796875;0.66015625;0.4375;0.19921875;0.46484375;0.5625;0.6953125;0.203125;0.5625;0.53125;0.953125;0.04296875;0.65234375;1.046875;0.5078125
0.26953125;0.3125;0.30078125;0.51171875;1.34375;0.11328125;0.6796875;0.95703125;0.40234375;0.14453125;0.17578125;0.84765625;0.78515625;0.16015625;0.33984375;0.7109375
0.86328125;0.18359375;0.16796875;0.1484375;0.796875;0.046875;0.1171875;0.17578125;0.23828125;0.36328125;0.01171875;0.02734375;0.37109375;0.2578125;0.36328125;0.03125
0.49609375;0.19921875;0.18359375;0.83203125;0.33984375;0.26953125;0.234375;0.328125;0.49609375;0.19921875;0.48046875;0.46875;0.78515625;0.29296875;0.59765625;0.96484375
0.22265625;0.1484375;0.484375;0.0234375;0.4921875;0.234375;0.3359375;0.08984375;0.93359375;0.2265625;0.67578125;0.0078125;0.96484375;0.19921875;0.09765625;0.18359375
0.13671875;0.01171875;0.1796875;0.46484375;0.3046875;0.23828125;0.24609375;0.32421875;0.3359375;0.0078125;0.22265625;0.265625;0.53125;0.265625;0.50390625;1.16015625
0.0078125;0.36328125;0.40234375;0.34375;0.25;0.09375;0.2421875;0.1328125;0.15625;0.16015625;0.3203125;0;0.203125;0.31640625;0.25;0.03125
0.35546875;0.421875;0.48046875;0.04296875;0.5703125;0.58203125;0.46484375;0.23046875;0.47265625;0.4375;0.3984375;0.09375;0.625;0.56640625;0.51953125;0.125
0.234375;0.515625;0.0625;0.3359375;0.1875;0.69140625;0.04296875;0.7734375;0.7890625;0.671875;0.55859375;0.640625;0.85546875;0.16796875;0.984375;0.671875
0.07421875;0.53125;0.73046875;0.3203125;0.80859375;0.15234375;1.23828125;0.99609375;0.12890625;0.08984375;0.53125;0.30078125;0.1015625;0.484375;0.68359375;0.37890625
0.453125;0.0703125;0.421875;0.3046875;0.734375;0.0546875;0.16015625;0.33203125;0.421875;0;0.2265625;0.265625;1.05859375;0.03125;0.3984375;0.453125
1.36328125;0.18359375;0.546875;0.0859375;0.80859375;0.23046875;0.13671875;0.0078125;1.40234375;0.2578125;0.328125;0.73046875;1.2109375;0.125;0.46484375;0.21875
0.078125;0.078125;0.5234375;0.74609375;0.0234375;0.0234375;0.18359375;0.19140625;0.0078125;0.1640625;0.10546875;0.34375;0.01171875;0.21875;0;0.71484375
0.3671875;0.39453125;0.04296875;0.7734375;0.34765625;0.17578125;0.01953125;0.49609375;0.8046875;0.43359375;0.40234375;0.24609375;0.4453125;0.4921875;0.41015625;0.2421875
0.48046875;0.48828125;0.08984375;0.5390625;0.609375;0.203125;0.1640625;0.9140625;0.33203125;0.19140625;0.06640625;0.453125;0.4140625;0.0625;0.484375;0.42578125
0.6796875;0.38671875;0.90234375;0.2734375;1.0078125;0.515625;0.77734375;0.52734375;0.1875;0.140625;0.671875;0.00390625;0.15234375;0.4375;0.453125;0.0546875
1.40234375;0.24609375;0.43359375;0.078125;1.30859375;0.046875;0.3359375;0.03515625;1.79296875;0.3515625;0.328125;0.1875;1.48828125;0.09375;0.2109375;0.41015625
0.6171875;0.35546875;0.14453125;0.0234375;0.7109375;0.21875;0.0625;0.10546875;0.578125;0.00390625;0.2578125;0.078125;0.671875;0.12109375;0.03515625;0.04296875
0.53515625;0.77734375;0.08984375;0.10546875;0.65234375;0.58203125;0.14453125;0.38671875;0.0625;0.6953125;0.140625;0.25;0.125;0.984375;0.30078125;0.16796875
0.6875;0.55859375;0.19921875;0.05078125;0.1015625;0.0078125;0.35546875;0.13671875;0.21484375;0.1015625;0.34765625;0.390625;0.65234375;0.15625;0.5390625;0.54296875
0.2421875;0.74609375;0.01953125;0.33203125;0.05078125;0.14453125;0.27734375;0.05859375;0.20703125;0.5234375;0.28125;0.0859375;0.3203125;0.234375;0.2421875;0.4296875
0.25;0.2109375;0.359375;0.05859375;0.26953125;0.18359375;0.36328125;0.0625;0.25;0.16015625;0.45703125;0.0625;0.4765625;0.234375;0.859375;0.29296875
1.08203125;0.2421875;0.21484375;1.37890625;0.71875;0.02734375;0.109375;0.3984375;0.5078125;0.03515625;0.07421875;0.03125;0.60546875;0.3359375;0.0078125;0.49609375
0.30078125;0.5234375;1.0390625;0.03125;0.09765625;1;1.2734375;0.05859375;0.453125;0.7578125;1.05859375;0.20703125;0.43359375;0.9375;1.37890625;0.18359375
0.4609375;0.078125;0.65625;0.12890625;0.52734375;0.4453125;0.796875;0.04296875;1.0546875;0.15625;0.97265625;0.1875;0.953125;0.16796875;0.81640625;0.05859375
0.73828125;0.07421875;0.05078125;0.265625;0.6640625;0.66796875;0.09375;0.40625;0.1953125;0.1328125;0.2421875;0.2421875;0.66015625;0.26953125;0.078125;0.25
0.46484375;0.29296875;0.43359375;0.3203125;0.27734375;0.12890625;0.30078125;0.1875;0.015625;0.21875;0.3515625;0.09765625;0.39453125;0.17578125;0.5234375;0.09765625
0.1484375;0.55859375;0.26953125;0.265625;0.109375;0.2421875;0.10546875;0.16015625;0.1875;0.8671875;0.10546875;0.37109375;0.20703125;0.5546875;0.1015625;0.171875
0.0625;0.1328125;0.49609375;0.03515625;0.39453125;0.1015625;0.8828125;0.37109375;0.04296875;0.078125;0.70703125;0.265625;0.484375;0.0234375;0.8125;0.328125
0.5234375;0.08984375;0.046875;0.140625;0.35546875;0.07421875;0.17578125;0.1796875;0.74609375;0.45703125;0.33203125;0.4921875;0.6015625;0.29296875;0.0390625;0.3203125
1.04296875;0.6640625;0.6953125;0.93359375;1.19140625;0.390625;0.0546875;0.5625;0.77734375;0.21484375;0.21484375;0.328125;0.6015625;0.109375;0.00390625;0.47265625
0.03125;0.89453125;0.9375;0.19140625;0.16015625;0.4375;0.76953125;0.171875;0.19140625;0.89453125;0.6328125;0.046875;0.375;0.8359375;0.3828125;0
0.08984375;0.37109375;0.3515625;0.28515625;0.23828125;0.25390625;0.4765625;0.15625;0.04296875;0.03515625;0.42578125;0.29296875;0.07421875;0.31640625;0.58984375;0.32421875
0.27734375;0.90234375;0.11328125;0.12109375;0.21875;0.3671875;0.203125;0.94140625;0.08984375;0.25390625;0.38671875;0.62109375;0.13671875;0.51171875;0.17578125;0.5078125
0.55859375;0.48046875;0.734375;0.20703125;0.1171875;0.0234375;0.56640625;0.16015625;1.1171875;0.78515625;0.51171875;0.1640625;0.3125;0.10546875;0.5625;0.1015625
0.55859375;0.63671875;0.578125;0.1328125;0.22265625;0.34375;0.3359375;0.02734375;0.7421875;0.31640625;0.33203125;0.25390625;1.09765625;0.68359375;0.54296875;0.5
0.01953125;0.140625;0.359375;0.13671875;0.359375;0.12109375;0.29296875;0.5625;0.47265625;0.078125;0.00390625;0.66796875;0.46484375;0.2265625;0.43359375;0.64453125
0.32421875;0.22265625;0.21484375;0.6796875;0.0859375;0.1796875;0.09375;0.15234375;0.21875;0.12109375;0.203125;0.34375;0.60546875;0.33203125;0.26953125;1.0625
0.4453125;0.41796875;0.515625;0.1015625;0.23046875;0.375;0.33203125;0.1015625;0.16796875;0.1796875;0.34765625;0.14453125;0.25;0.25;0.46875;0.03515625
0.1640625;0.50390625;0.02734375;0.1171875;0.3046875;0.546875;0.41015625;0.24609375;0.4765625;0.00390625;0.27734375;0.1171875;0.484375;0.23828125;0.32421875;0.13671875
0.21484375;0.15625;0.06640625;0.8671875;0.35546875;0.04296875;0.171875;0.890625;0.015625;0.1484375;0.07421875;1.19140625;0.05859375;0.06640625;0.140625;0.61328125
0.38671875;0.12890625;0.23828125;0.05859375;0.53125;0.296875;0.375;0.2734375;0.46875;0.61328125;0.58984375;0.06640625;0.31640625;0.18359375;0.09375;0.078125
0.54296875;1.078125;0.6953125;0.66796875;0.51953125;0.44140625;0.25;0.453125;0.40234375;0.6640625;0.51171875;0.546875;0.66796875;0.83203125;0.3046875;0.890625
0.15625;0.3203125;0.44921875;0.86328125;0.1640625;0.16796875;0.30078125;0.58203125;0.16796875;0.59375;0.25390625;0.05078125;0.0234375;0.421875;0.36328125;0.39453125
0.390625;0.2578125;0.53125;0.58203125;0.49609375;0.33984375;0.35546875;0.7421875;0.72265625;0.30078125;0.1171875;0.74609375;0.92578125;0.2890625;0.2265625;0.8125
0.2265625;0.20703125;0.2421875;0.0625;0.1796875;0.05859375;0.14453125;0.08203125;0.37109375;0.296875;0.64453125;0.6328125;0.4453125;0.23828125;0.546875;0.40625
0.00390625;0.1796875;0.19140625;0.78515625;0.1015625;0.08984375;0.078125;0.88671875;0.16015625;0.0234375;0.06640625;0.3984375;0.0625;0.015625;0.0703125;0.484375
0.34765625;0.61328125;0.39453125;0.35546875;0.3515625;0.23828125;0.4140625;0.0390625;0.01171875;0.6796875;0.3515625;0.625;0.3515625;0.52734375;0.39453125;0.48828125
0.19140625;0.8359375;0.76953125;0.28125;0.453125;0.76171875;0.6015625;0.59765625;0.37109375;1.0546875;1.09765625;0.55078125;0.0390625;1.10546875;0.7265625;0.0390625
0.48828125;1.10546875;0.03515625;0.421875;1.19921875;0.91796875;0.14453125;0.19140625;0.53125;0.69921875;0.25390625;0.140625;0.64453125;0.76171875;0.08984375;0.1484375
0.640625;0.05078125;0.55078125;0.171875;0.7265625;0.3359375;0.0546875;0.1875;0.41796875;0.51171875;1.29296875;0.06640625;0.68359375;0.27734375;0.8984375;0.18359375
0.50390625;0.6640625;1.41796875;0.7578125;0.26171875;0.28125;0.4453125;0.29296875;0.23828125;0.47265625;0.56640625;0.0078125;0.046875;1.046875;1.4453125;0.2421875
0.05078125;0.29296875;0.06640625;0.45703125;0.03125;0.453125;0.59375;0.12890625;0.23828125;0.640625;0.58984375;0.19140625;0.07421875;0.57421875;0.4765625;0.1015625
0.18359375;0.203125;0.48828125;0.1015625;0.01171875;0.0703125;0.24609375;0.265625;0.02734375;0.00390625;0.21484375;0.0859375;0.34375;0.51171875;0.9765625;0.32421875
0.26171875;0.296875;0.0859375;0.84375;0.31640625;0.33203125;0.0859375;0.53125;0.09765625;0.35546875;0.05078125;0.30078125;0.09375;0.1875;0.08984375;0.35546875
0.00390625;0.66796875;0.09375;0.23828125;0.1484375;1.0859375;0.19140625;0.45703125;0.19921875;0.8984375;0.0625;0.67578125;0.11328125;1.078125;0.125;0.75
0.17578125;0.078125;0.22265625;0.1796875;0.0703125;0.234375;0.015625;0.08984375;0.6484375;0.03515625;0.375;0.17578125;0.37890625;0.01171875;0.08984375;0.09375
0.4375;0.08984375;0.453125;0.5625;1.0234375;0.1796875;0.734375;0.66015625;0.58203125;0.1484375;0.27734375;0.2734375;0.3359375;0.046875;0.3828125;0.63671875
0.17578125;1.03125;0.8203125;0.390625;0.359375;0.7265625;0.109375;0.05859375;0.31640625;0.48828125;0.27734375;0.2890625;0.44140625;1.13671875;0.1171875;0.33984375
0.11328125;0.8671875;0.08203125;0.3515625;0.0859375;0.42578125;0.125;0.26953125;0.46875;0.5703125;0.11328125;0.45703125;0.37109375;0.62890625;0.01953125;0.328125
0.1796875;0.03125;0.19921875;0.43359375;0.015625;0.26171875;0.26171875;0.546875;0.20703125;0.40234375;0.5703125;0.59375;0.35546875;0.53515625;0.90625;0.6796875
0.16015625;0.37109375;0.1875;0.21484375;0.0078125;0.140625;0.07421875;0.08984375;0.26171875;0.8046875;0.078125;0.34375;0.3984375;0.8359375;0.2421875;0.0859375
0.671875;0.5703125;1.33203125;0.50390625;0.34375;0.640625;1.70703125;1.26953125;0.26171875;0.22265625;1.0234375;0.55859375;0.14453125;0.5234375;1.3671875;1.01171875
0.296875;0.09375;0.26171875;0.26953125;0.1328125;0.11328125;0.24609375;0.13671875;0.37890625;0.11328125;0.03125;0.48046875;0.06640625;0.2265625;0.3359375;0.52734375
0.5703125;0.76171875;0.10546875;0.29296875;0.43359375;0.13671875;0.94921875;0.0859375;0.390625;0.5703125;0.8046875;0.0703125;0.74609375;0.5;0.84765625;0.20703125
0.3984375;0.1953125;0.52734375;0.109375;0.36328125;0.45703125;0.1796875;0.0546875;0.1796875;0.1875;0.30859375;0.5859375;0.2265625;0.20703125;0.390625;0.0546875
0.48046875;0.11328125;0.6484375;0.33984375;0.53125;0.13671875;0.53515625;0.21875;0.38671875;0.08203125;0.76953125;0.609375;0.6953125;0.0390625;0.46484375;0.35546875
0.8828125;0.05078125;0.03515625;0.13671875;0.1953125;0.0078125;0.01171875;0.01171875;0.64453125;0.16796875;0.00390625;0.0078125;1.33203125;0.15234375;0.08203125;0.1875
0.609375;0.203125;0.1796875;0.1953125;0.4140625;0.54296875;0.171875;0.51171875;0.59765625;0.9296875;0.2109375;0.42578125;0.23828125;0.70703125;0.671875;0.47265625
0.0859375;0.59765625;0.15625;0.1484375;0.07421875;0.4296875;0.08984375;0.078125;0;0.421875;0.078125;0.00390625;0.3125;1.484375;0.05859375;0.42578125
0.078125;0.703125;0.4765625;0.6796875;0.15234375;0.0703125;0.3125;0.4765625;0.32421875;0.15625;0.10546875;0.48046875;0.4296875;0.06640625;0.28125;0.62109375
0.6953125;0.77734375;0.02734375;0.59375;1.0859375;0.796875;0.15234375;0.21484375;1.0546875;0.34375;0.12109375;0.4296875;1.23046875;0.640625;0.07421875;0.5078125
0.03125;0.3203125;0.06640625;0.36328125;0.02734375;0.12890625;0.1328125;0.5078125;0.4921875;0.26171875;0.11328125;0.015625;0.66015625;0.265625;0.1953125;0.04296875
0.04296875;0.27734375;0.00390625;0.46484375;0.62890625;0.1171875;0.09765625;1.0859375;0.234375;0.48828125;0.3515625;0.21875;0.12109375;0.125;0.30078125;0.59375
0.46875;0.28515625;0.36328125;0.6171875;0.01953125;0.40625;0.06640625;0.37109375;0.28515625;0.765625;0.02734375;0.88671875;0.16015625;1.05859375;0.21875;0.8359375
0.26171875;0.0703125;0.3515625;0.078125;0.30859375;0.3515625;0.4375;0.02734375;0.40625;0.63671875;1.02734375;0.41796875;0.06640625;0.71484375;1.08984375;0.41015625
0.08203125;0.375;0.26171875;0.3515625;0.1328125;0.65234375;0.10546875;0.4765625;0.0625;0.421875;0.1875;0.34765625;0.0703125;0.3203125;0.3515625;0.40234375
0.35546875;0.375;0.484375;0.39453125;0.78125;0.59765625;0.59765625;0.80078125;0.41796875;0.546875;0.69921875;0.921875;0.5859375;0.5234375;0.60546875;0.20703125
0.6875;0.09375;0.8203125;0.08203125;0.20703125;0.125;0.47265625;0.0625;0.21875;0;0.5078125;0.08203125;0.16796875;0.02734375;0.2421875;0.19921875
0.6953125;0.5;0.19140625;0.1640625;0.546875;0.86328125;0.16015625;0.234375;0.171875;0.58984375;0.25390625;0.23046875;0.609375;0.515625;0.08984375;0.57421875
0.12890625;0.015625;0.6875;0.203125;0.546875;0.48046875;0.390625;0.62109375;0.2265625;0.28515625;0.84765625;0.54296875;0.27734375;0.44921875;0.25;0.76171875
0.10546875;0.0390625;0.48828125;0.9921875;0.0390625;0.015625;0.46484375;0.41015625;0.0859375;0.03125;0.484375;0.89453125;0.0703125;0.0078125;0.51171875;0.63671875
0.1796875;0.0859375;0.328125;0.33203125;0.48046875;0.078125;0.63671875;0.0703125;0.26953125;0.09765625;0.58984375;0.078125;0.328125;0;0.70703125;0.171875
0.4765625;0.1484375;0.07421875;0.47265625;0.3515625;0.26171875;0.76953125;0.47265625;0.2734375;0.0703125;0.54296875;0.21875;0.5859375;0.0625;0.4453125;0.32421875
0.234375;0.42578125;0.50390625;0.4609375;0.078125;0.01171875;0.22265625;0.47265625;0.0234375;0.0703125;0.44921875;0.5234375;0.41015625;0.24609375;0.06640625;0.10546875
0.25;0.16796875;0.09765625;0.25390625;0.765625;0.21875;0.17578125;0.51171875;0.23046875;0.56640625;0.16796875;0.08984375;0.10546875;0.03125;0.20703125;0.38671875
0.85546875;0.26953125;0.13671875;0.93359375;0.4609375;0.01171875;0.06640625;0.7578125;0.296875;0.25;0.08984375;0.02734375;0.21484375;0.0625;0.2109375;0.36328125
0.07421875;0.5546875;0.3671875;0.46484375;0.15234375;0.46875;0.28515625;0.4921875;0.1484375;0.2109375;0.19921875;0.69921875;0.20703125;0.1640625;0.06640625;0.40234375
0.0625;0.16796875;0.04296875;0.2109375;0.33203125;0.0625;0.3671875;0.328125;0.453125;0.5859375;0.1015625;0.5703125;0.06640625;0;0.1171875;0.44140625
0.23828125;0.01171875;0.265625;0.06640625;0.8203125;0.04296875;0.1484375;0.90234375;0.12890625;0.05078125;0.234375;0.09375;0.87109375;0.08203125;0.05859375;0.5859375
0.3203125;0.42578125;0.3046875;0.57421875;0.1484375;0.6796875;0.53515625;0.54296875;0.25390625;0.3125;0.3125;0.59375;0.44140625;1.10546875;0.61328125;1.0859375
0.16796875;0.18359375;0.14453125;0.2109375;0.22265625;0.00390625;0.0546875;0.13671875;0.09765625;0.3515625;0.3203125;0.30859375;0.4140625;0.27734375;0.12890625;0.01953125
0.5546875;0.37109375;0.5078125;0.47265625;0.51953125;0.21484375;1.2109375;0.5859375;0.16015625;0.19921875;0.37890625;0.04296875;0;0.546875;0.3359375;0.0078125
0.3671875;0.6953125;0.015625;0.01953125;0.5625;0.953125;0.109375;0.203125;0.5546875;0.7734375;0.078125;0.078125;0.1171875;0.4453125;0.67578125;0.43359375
0.0625;0.46875;0.2265625;0.1171875;0.29296875;0.359375;0.140625;0.109375;0.37109375;0.37109375;0.14453125;0.1875;0.62109375;0.0546875;0.06640625;0.3515625
0.52734375;0.26953125;0.00390625;0.41796875;0.75390625;0.3984375;0.14453125;0.1640625;0.484375;0.37109375;0.05859375;0.109375;0.6015625;0.53515625;0.515625;0.109375
0.23828125;0.1875;0.3828125;0.10546875;0.359375;0.109375;0.2890625;0.109375;0.14453125;0.1953125;0.62890625;0.17578125;0.3203125;0.25;0.3359375;0.1640625
0.37890625;0.7265625;0.37109375;0.74609375;0.44921875;0.55859375;0.8125;0.63671875;0.0859375;0.26953125;0.71875;0.7109375;0.5703125;0.6875;0.71875;0.68359375
0.3203125;0.1484375;0.2109375;0.37890625;0.015625;0.18359375;0.55078125;0.33984375;0.3515625;0.10546875;0.48828125;0.3515625;0.18359375;0.00390625;0.6015625;0.296875
0.01171875;0.421875;0.359375;0.15234375;0.265625;0.30078125;0.0234375;0.0703125;0.19921875;0.19140625;0.0234375;0.01953125;0.0390625;0.28125;0.35546875;0.12890625
0.77734375;0.953125;0.25;0.125;0.55859375;0.51953125;0.01953125;0.46484375;0.640625;0.625;0.01171875;0.44140625;0.390625;0.61328125;0.44921875;0.234375
0.69140625;0.75390625;0.01171875;0.25;0.90625;0.88671875;0.109375;0.078125;0.828125;1.05078125;0.83203125;0.37109375;0.16796875;0.48828125;0.03125;0.04296875
0.16796875;0.12109375;0.10546875;0.41015625;0.00390625;0.19921875;0.33203125;0.1875;0.19921875;0.03125;0.015625;0.19921875;0.203125;0.1328125;0.28515625;0.015625
0.53125;0.125;0.66796875;0.265625;0.55078125;0.1953125;0.890625;0.421875;0.53125;0.12109375;0.25390625;0.56640625;0.22265625;0.125;0.41015625;0.1796875
0.14453125;0.10546875;0.015625;0.3984375;0.1875;0.3203125;0.05078125;0.484375;0.74609375;0.25390625;0.16015625;0.6328125;0.01953125;0.265625;0.03125;0.3515625
0.28515625;0.19921875;0.33203125;0.26171875;0.1171875;0.10546875;0.08203125;0.05859375;0.15234375;0.32421875;0.43359375;0.25390625;0.390625;0.12890625;0.203125;0.16015625
0.16015625;0.29296875;0.14453125;0.43359375;0.23046875;0.07421875;0.22265625;0.22265625;0.0703125;0.32421875;0.140625;0.3359375;0.2421875;0.51171875;0.015625;0.66015625
0.12890625;0.3203125;0.12109375;0.03515625;0.49609375;0.49609375;0.12890625;0.20703125;0.19140625;1.21484375;0.625;0.02734375;0.015625;0.28515625;0.25390625;0.77734375
0.19921875;0.6484375;0.5625;0.03515625;0.6953125;0.24609375;0.78125;0.44140625;0.12109375;0.19140625;0.35546875;0.0546875;0.01171875;0.13671875;0.25390625;0.15625
0.57421875;0.1640625;0.19921875;0.3515625;0.99609375;0.265625;0.23828125;0.421875;0.75390625;0.15625;0.40234375;0.2890625;0.6171875;0.35546875;0.04296875;0.20703125
0.71875;0.35546875;0.3828125;1.046875;0.55078125;0.08203125;0.34375;0.64453125;0.67578125;0.359375;0.359375;0.49609375;0.359375;0.2578125;0.28515625;0.01953125
1.0625;0.48828125;0.36328125;0.20703125;0.8203125;0.390625;0.15234375;0.37890625;0.609375;0.171875;0.2109375;0.23828125;0.73828125;0.19921875;0.55859375;0.28125
0.59765625;0.00390625;0.19140625;0.28515625;0.375;0.953125;0.22265625;0.1953125;0.80078125;0.48828125;0;0.53515625;0.3125;0.95703125;0.046875;0.19921875
0.52734375;0.4140625;0.1015625;0.17578125;0.421875;0.78515625;0.140625;0.3515625;0.2734375;0.38671875;0.46875;0.015625;0.58984375;0.7265625;0.01953125;0.39453125
0.33203125;0.21484375;0.2578125;0.01953125;0.03515625;0.421875;0.00390625;0.046875;0.62890625;0.25390625;0.1328125;0.0625;0.55078125;0.3046875;0.01171875;0.140625
0.18359375;0.40234375;0.52734375;0.4453125;0.12890625;0.59375;0.796875;0.40234375;0.125;0.6015625;0.51953125;0.2734375;0.35546875;0.20703125;0.8046875;0.73046875
0.2265625;0.046875;0.0390625;0.0078125;0.11328125;0.1953125;0.1796875;0.0234375;0.1328125;0.3125;0.2734375;0.02734375;0.4609375;0.30859375;0.703125;0.18359375
0.1015625;1.40234375;0.8671875;0.40625;0.6328125;1.84375;0.8671875;0.0859375;0.7890625;1.7109375;0.71484375;0.24609375;0.11328125;1.03515625;0.50390625;0.08203125
0.12890625;0.78125;0.69921875;0.3984375;0.015625;0.171875;0.46875;0.46875;0.078125;0.46484375;0.01171875;0.171875;0.0859375;0.4921875;0.09375;0.54296875
0.3984375;0.3046875;0.328125;0.1953125;0.09375;0.66796875;0.203125;0.19921875;0.3984375;0.640625;0.4296875;0.609375;0.140625;0.5859375;0.01171875;0.12109375
0.19921875;0.28125;0.234375;0.02734375;0.05078125;0.35546875;0.63671875;0.24609375;0.015625;0.79296875;0.37109375;0.09765625;0.1953125;0.1796875;0.3359375;0.05078125
0.31640625;0.359375;0.359375;0.64453125;0.453125;0.43359375;0.140625;0.61328125;0.3828125;0.0234375;0.0546875;0.28515625;0.4921875;0.61328125;0.14453125;0.87109375
0.375;0.22265625;0;0.4765625;0.53125;0.06640625;0.01171875;0.296875;0.40234375;0.5;0.2109375;0.53125;0.734375;0.5;0.18359375;0.890625
0.40625;0.15625;0.046875;0.17578125;0.28125;0.0625;0.25390625;0.265625;0.9140625;0.234375;0.4140625;0.01171875;0.73828125;0.46875;0.19921875;0.515625
0.10546875;0.15234375;0.375;0.41015625;0.30078125;0.16015625;0.3984375;0.96875;0.203125;0.30078125;0.06640625;0.015625;0.13671875;0.33203125;0.13671875;0.00390625
0.12109375;0.1796875;0.48046875;0.23046875;0.05859375;0.125;0.34765625;0.39453125;0.015625;0.1875;0.1171875;0.34375;0.0234375;0.06640625;0.20703125;1.08984375
0.33984375;0.19921875;0.28515625;0.1015625;0.19140625;0.0546875;0.17578125;0.15234375;0.1484375;0.1796875;0.0625;0.08203125;0.5625;0.15625;0.5;0.06640625
0.2578125;0.0234375;0.796875;0.84765625;0.73046875;0.078125;0.72265625;0.69921875;0.5078125;0.18359375;0.1796875;0.1484375;0.265625;0.4375;0.12890625;0.26171875
0.328125;0.484375;0.80859375;0.82421875;0.05078125;0.63671875;0.8984375;0.51953125;0.44921875;0.625;0.7265625;1.21875;0.03515625;0.26953125;0.4296875;0.51953125
0.2734375;0.328125;0.59375;0.6796875;0.421875;0.296875;0.4453125;0.73828125;0.11328125;0.1640625;0.078125;0.85546875;0.52734375;0.34375;0.6171875;0.76953125
0.58984375;0.17578125;0.15625;0.01953125;0.3515625;0.1875;0.1875;0.00390625;0.41015625;0.265625;0.15625;0.09765625;0.1640625;0.26171875;0.0390625;0.1015625
0.5234375;0.3359375;0.046875;0.33984375;0.49609375;0.34375;0.421875;0.5;0.3515625;0.23046875;0.37890625;0.44921875;0.6796875;0.41015625;0.05859375;0.5390625
0.421875;0.02734375;0.31640625;0.30859375;0.84375;0.05078125;0.078125;0.38671875;1.015625;0.02734375;0.03515625;0.578125;0.078125;0.20703125;0.33984375;0.19140625
0.109375;0.81640625;0.3671875;0.734375;0.31640625;0.35546875;0.11328125;1.02734375;0.51953125;0.1875;0.40234375;0.7890625;0.26171875;0.5390625;0.3359375;0.66015625
0.3828125;0.26171875;0.1328125;0.15625;0.26171875;0.1640625;0.1015625;0.39453125;0.1640625;0.1640625;0.18359375;0.05859375;0.04296875;0.1640625;0.359375;0.25
0.46484375;0.29296875;0.5703125;0.37109375;0.56640625;0.43359375;0.6640625;0.3046875;0.0078125;0.35546875;0.0234375;0.484375;0.03515625;0.1015625;0.42578125;0.05078125
0.2734375;0.3203125;0.18359375;0.23828125;0.62109375;0.1640625;0.75;0.4140625;0.30078125;0.23828125;0.3984375;0.74609375;0.3671875;0.26171875;0.33984375;0.19140625
0.40234375;0.109375;0.73046875;0.6484375;0.09765625;0.4375;0.453125;0.28125;0.01171875;0.30859375;0.51171875;0.296875;0.4296875;0.05859375;0.77734375;0.6015625
0.56640625;0.04296875;0.30078125;0.3203125;0.4609375;0.15625;0.1953125;0.2578125;0.58984375;0.03125;0.375;0.33984375;0.7265625;0.26953125;0.6953125;0.4296875
0.55859375;0.30859375;0.1875;0.16015625;0.48046875;0.125;0.30859375;0.16796875;1.45703125;0.94140625;0.98046875;0.28125;0.91015625;0.3046875;0.3359375;0.37890625
0.1484375;0.109375;0.6640625;1.03515625;0.12109375;0.2734375;0.4453125;1.55078125;0.203125;0.1796875;0.29296875;0.8046875;0.171875;0.0546875;0.51171875;1
0.2734375;0.21484375;0.23828125;0.03515625;0.0625;0.14453125;0.015625;0.33203125;0.03515625;0.24609375;0.09375;0.2890625;0.40234375;0.1484375;0.125;0.70703125
0.47265625;0.03125;0.35546875;0.6875;0.2734375;0.00390625;0.3984375;0.33984375;0.37890625;0.11328125;0.5234375;0.40625;0.3125;0.35546875;0.234375;0.24609375
0.98046875;0.23046875;0.921875;0.4921875;0.5859375;0.02734375;0.7578125;0.1875;0.08984375;0.23828125;0.3828125;0.08203125;0.15625;0.10546875;0.5625;0.1171875
1.46484375;0.2578125;0.625;0.30859375;1.41796875;0.0390625;0.1015625;0.26171875;2.0625;0.08203125;0.69140625;0.00390625;1.3203125;0.4296875;0.21875;0.1953125
0.33203125;0.50390625;0.09375;0.28125;0.6171875;0.30078125;0.01953125;0.109375;0.5078125;0.12890625;0.33203125;0.08203125;0.54296875;0.4453125;0.03125;0.203125
0.17578125;0.6640625;0.01953125;0.09765625;0.37109375;0.2578125;0.16796875;0.0703125;0.015625;0.76171875;0.046875;0.00390625;0.01953125;0.54296875;0.03125;0.0625
0.34765625;0.01953125;0.15625;0.15625;0.26953125;0.08984375;0.578125;0.23046875;0.14453125;0.03125;0.4375;0.296875;0.55078125;0.125;0.28515625;0.10546875
0.234375;0.78515625;0.125;0.546875;0.10546875;0.25;0.02734375;0.140625;0.1171875;0.33984375;0.04296875;0.2734375;0.5078125;0.44140625;0.19140625;0.46484375
0.33203125;0.16796875;0.03125;0.28515625;0.55078125;0.41015625;0.42578125;0.20703125;0.34375;0.203125;0.90625;0.01171875;0.36328125;0.19921875;0.3203125;0.25390625
1.16015625;0.20703125;0.203125;0.83203125;1.03125;0.109375;0.01953125;1.20703125;0.49609375;0.1875;0.05859375;0.47265625;0.9140625;0.34375;0.203125;1.2265625
0.2421875;0.55078125;0.9375;0.109375;0.2265625;0.6640625;1.296875;0.09765625;0.5625;0.46875;0.28125;0.10546875;0.3125;0.02734375;0.28125;0.03125
0.38671875;0.01953125;0.359375;0.1484375;0.67578125;0.06640625;0.453125;0.09375;0.45703125;0.69140625;0.58203125;0.0703125;0.4375;0.10546875;0.3125;0.14453125
0.171875;0.16015625;0.1171875;0.25390625;0.609375;0.5;0.3046875;0.265625;0.2734375;0.109375;0.1875;0.19140625;0.5390625;0.53515625;0.17578125;0.31640625
0.296875;0.23046875;0.37890625;0.21875;0.56640625;0.140625;0.13671875;0.6484375;0.1171875;0.25;0.40234375;0.0859375;0.33203125;0.31640625;0.48828125;0.50390625
0.2421875;0.0546875;0.15234375;0.05078125;0.1015625;0.0625;0.22265625;0.140625;0.34765625;0.7421875;0.07421875;0.04296875;0.06640625;0.53515625;0.50390625;0.1640625
0.0859375;0.046875;0.66796875;0.203125;0.078125;0.1875;1.5078125;0.55078125;0.53125;0.171875;0.58984375;0.4765625;0.54296875;0.12109375;0.5234375;0.29296875
0.41796875;0.23046875;0.30859375;0.26953125;0.64453125;0.22265625;0.6640625;0.1875;0.55078125;0.12890625;0.359375;0.078125;0.40234375;0.1328125;0.171875;0.1875
0.97265625;0.07421875;0.25;0.3359375;0.69140625;0.0234375;0.07421875;0.18359375;0.765625;0.18359375;0.1328125;0.51171875;0.55859375;0.33984375;0.54296875;0.6171875
0.3046875;0.98046875;1.03125;0.1953125;0.12890625;1.16796875;0.84765625;0.3671875;0.30859375;0.71484375;0.32421875;0.16015625;0.16796875;0.34375;0.40625;0.2109375
0.53515625;0.296875;0.60546875;0.01171875;0.046875;0.26953125;0.515625;0.375;0.42578125;0.04296875;0.59375;0.10546875;0.04296875;0.19140625;0.26171875;0.3125
0.51953125;0.4609375;0.85546875;0.3046875;0.30859375;0.66015625;0.375;0.26171875;0.10546875;0.24609375;0.68359375;0.52734375;0.45703125;0.66015625;0.56640625;0.3046875
0.2734375;0.16015625;0.36328125;0.12890625;0.66015625;0.40234375;0.1953125;0.03125;0.47265625;0.3046875;0.3828125;0.02734375;0.6015625;0.30859375;0.22265625;0.13671875
0.81640625;0.14453125;0.73828125;0.16796875;0.2578125;0.5625;0.3984375;0.140625;0.2265625;0.45703125;0.19921875;0.046875;0.95703125;0.30859375;0.87890625;0.3203125
0.29296875;0.3203125;0.53515625;0.0625;0.09765625;0.13671875;0.10546875;0.203125;0.25390625;0.26171875;0.28125;0.11328125;0.01953125;0.08984375;0.1015625;0.27734375
0.13671875;0.5;0.03515625;0.3046875;0.5546875;0.375;0.18359375;0.640625;0.6953125;0.1796875;0.45703125;1.14453125;0.0546875;0.32421875;0.015625;0.203125
0.3046875;0.65234375;0.58984375;0.12890625;0.359375;0.59375;0.30078125;0.1015625;0.23046875;0.234375;0.26953125;0.10546875;0.4296875;0.3515625;0.52734375;0.1484375
0.17578125;0.17578125;0.40234375;0.171875;0.1328125;0.51953125;0.33984375;0.078125;0.58984375;0.375;0.2578125;0.41796875;0.0078125;0.06640625;0.16015625;0.15625
0.08984375;0.02734375;0.10546875;0.49609375;0.0859375;0.046875;0.16015625;0.42578125;0.26953125;0.11328125;0.22265625;0.33984375;0.00390625;0.01171875;0.10546875;0.45703125
0.25390625;0.0390625;0.171875;0.2421875;0.49609375;0;0.20703125;0.0859375;0.1328125;0.2109375;0.02734375;0.0546875;0.55078125;0.28125;0.14453125;0.15234375
0.52734375;0.7890625;0.546875;0.578125;0.703125;0.65234375;0.71484375;0.26953125;0.57421875;0.796875;0.6640625;0.7734375;0.96875;1.41015625;1.21875;1.13671875
0.2421875;0.234375;0.31640625;0.0546875;0.16015625;0.265625;0.2265625;0.2265625;0.46484375;0.796875;0.49609375;0.20703125;0.296875;0.4140625;0.08203125;0.7734375
0.296875;0.26171875;0.46875;0.5859375;0.68359375;0.32421875;0.015625;0.98046875;0.3828125;0.12890625;0.4765625;0.36328125;0.42578125;0.1484375;0.2265625;0.44140625
0.46484375;0.10546875;0.52734375;0.2890625;0.4609375;0.515625;0.3671875;0.0078125;0.5;0.36328125;0.3359375;0.0078125;0.39453125;0.07421875;0.39453125;0.0234375
0.171875;0.01171875;0.11328125;0.578125;0.34375;0.02734375;0.09375;0.21875;0.2109375;0.00390625;0.1640625;0.46484375;0.08984375;0.04296875;0.109375;0.359375
0.078125;0.55078125;0.67578125;0.21875;0.06640625;0.6953125;0.3671875;0.45703125;0.19921875;0.40234375;0.25;0.3046875;0.17578125;0.359375;0.265625;0.34765625
0.53125;0.6640625;0.43359375;0.6796875;0.01953125;1.13671875;0.82421875;0.05859375;0.6640625;0.9765625;0.98046875;0.8984375;0.08203125;0.84375;0.83984375;0.125
1.2265625;0.875;0.3515625;0.08984375;0.8203125;1.0625;0.1640625;0.20703125;0.4375;0.671875;0.37890625;0.203125;1.1484375;1.15625;0.1875;0.05078125
0.33984375;0.10546875;0.4375;0.25;0.21484375;0.06640625;0.48046875;0.0546875;0.375;0.296875;0.796875;0.1640625;0.30859375;0.2890625;0.81640625;0.0625
0.2109375;0.30859375;0.57421875;0.28125;0.56640625;0.625;0.875;0.390625;0.30078125;0.38671875;0.5625;0.28125;0.02734375;0.640625;1.03515625;0.38671875
0.0390625;0.3046875;0.2421875;0.50390625;0.06640625;0.4765625;0.02734375;0.19140625;0.08203125;0.54296875;0.09375;0.25;0.1484375;0.23828125;0.47265625;0.41796875
0.32421875;0.671875;0.65625;0.70703125;0.1640625;0.40234375;1.12890625;0.5703125;0.2578125;0.20703125;0.66015625;0.06640625;0.125;0.3515625;0.53125;0.5390625
0.453125;0.30078125;0.2265625;0.890625;0.51953125;0.19921875;0.0390625;0.8984375;0;0.140625;0.015625;0.27734375;0.09375;0.21875;0.05859375;0.6796875
0.2421875;1.0234375;0.08984375;0.47265625;0.11328125;1.10546875;0.16796875;0.4765625;0.171875;0.09765625;0.1484375;0.328125;0.265625;0.32421875;0.0703125;0
0.1171875;0.04296875;0.1796875;0.05078125;0.29296875;0.08203125;0.15625;0.05859375;0.125;0.15625;0.21484375;0.328125;0.22265625;0.1171875;0.25390625;0.05859375
0.80078125;0.0625;0.3515625;0.2109375;0.125;0.109375;0.19140625;0.93359375;0.5078125;0.046875;0.234375;0.16796875;0.4140625;0.00390625;0.40234375;0.74609375
0.26953125;0.82421875;0.47265625;0.26953125;0.35546875;0.984375;0.91015625;0.08203125;0.60546875;0.56640625;0.28515625;0.3828125;0.81640625;1.328125;1.109375;0.5390625
0.265625;0.09375;0.01171875;0.0625;0.42578125;0.296875;0.22265625;0.2421875;1.2421875;0.6640625;0.11328125;0.30078125;0.390625;0.78125;0.35546875;0.609375
0.3359375;0.109375;0.20703125;0.40234375;0.140625;0.171875;0.3828125;0.71875;0.08203125;0.234375;0.62890625;0.30078125;0.05859375;0.1796875;0.4140625;0.36328125
0.3203125;0.62109375;0.125;0.125;0.56640625;0.8828125;0.13671875;0.1796875;0.5703125;0.83984375;0.25;0.12890625;0.1015625;0.01953125;0.0234375;0.1328125
0.15234375;0.28125;1.7421875;1.33203125;0.10546875;0;1.16015625;0.7265625;0.265625;0.3125;1.41015625;0.84375;0.39453125;0.3984375;0.8359375;0.27734375
0.015625;0.23828125;0.0390625;0.4375;0.08203125;0.11328125;0.109375;0.375;0.03125;0.2109375;0.2421875;0.36328125;0.4765625;0.16796875;0.29296875;0.28515625
0.671875;0.15234375;1.18359375;0.203125;0.61328125;0.6015625;0.734375;0.296875;0.609375;0.12890625;1.265625;0.2421875;0.3203125;0.73828125;0.31640625;0.0546875
0.47265625;0.0625;0.00390625;0.74609375;0.421875;0.00390625;0.34375;0.41015625;0.1328125;0.11328125;0.296875;0.83203125;0.53125;0.01171875;0.20703125;0.5234375
0.1484375;0.12109375;0.29296875;0.01953125;0.04296875;0.1640625;0.46484375;0.14453125;0.28125;0.09765625;0.40625;0.16015625;0.2109375;0.0859375;0.4296875;0.25390625
0.56640625;0.078125;0.10546875;0.28125;0.45703125;0.07421875;0.09765625;0.16796875;0.296875;0.03125;0.01953125;0.12109375;0.89453125;0.0078125;0.18359375;0.171875
0.72265625;0.13671875;0.1640625;0.2265625;0.53125;0.4375;0.65234375;0.42578125;0.6484375;0.4453125;0.84375;0.4609375;0.53125;0.109375;0.1953125;0.51171875
0.30078125;0.671875;0.29296875;0.5;0.5234375;1.265625;0.16015625;0.4765625;0.0625;1.06640625;0.04296875;0.1171875;0.27734375;0.76953125;0.11328125;0.34375
0.2109375;0.28125;0.73828125;0.8203125;0.1640625;0.5703125;0.609375;0.43359375;0.20703125;0.046875;0.1953125;0.32421875;0.19921875;0.4765625;0.44921875;0.6640625
0.86328125;0.21875;0.07421875;0.25;0.96484375;0.63671875;0.05078125;0.42578125;0.54296875;0.15234375;0.03125;0.53125;0.21484375;0.05859375;0.05078125;0.4609375
0.2421875;0.05078125;0.0390625;0.00390625;0.52734375;0.2890625;0.1328125;0.171875;0.203125;0.3671875;0.38671875;0.43359375;0.34765625;0.08984375;0;0.14453125
0.296875;0.07421875;0.05078125;0.64453125;0.09765625;0.16796875;0.4765625;0.47265625;0.08203125;0.13671875;0.05859375;0.37890625;0.2890625;0.1953125;0.23828125;0.6953125
0.38671875;0.09765625;0.5546875;0.0625;0.08203125;0.609375;0.3359375;0.875;0.421875;0.09375;0.32421875;0.36328125;0.390625;0.58984375;0.7890625;0.89453125
0.12109375;0.1015625;0.79296875;0.45703125;0.3359375;0.17578125;0.96484375;0.11328125;0.02734375;0.71484375;1.50390625;0.66015625;0.21875;0.046875;1.20703125;0.265625
0.0703125;0.4453125;0.38671875;0.4609375;0.41796875;0.73828125;0.37109375;0.12109375;0.14453125;0.6171875;0.01171875;0.390625;0.28515625;0.59375;0.2265625;0.17578125
0.9765625;0.3125;0.1328125;0.41015625;0.7734375;0.1953125;0.125;0.8125;0.4453125;0.33203125;0.43359375;0.74609375;0.74609375;0.40625;0.38671875;0.75
0.65234375;0.56640625;0.74609375;0.12890625;0.69140625;0.37890625;0.77734375;0.09765625;0.16015625;0.12109375;0.55859375;0.30078125;0.3046875;0.0546875;0.640625;0.06640625
0.3984375;0.703125;0.20703125;0.2890625;0.4375;0.58203125;0.0078125;0.43359375;0.703125;1.0234375;0.1796875;0.703125;0.83984375;0.9765625;0.04296875;0.4453125
0.21875;0.125;0.78515625;0.30078125;0.1953125;0.25;0.1015625;0.5;0.44921875;0.44140625;0.46875;0.5546875;0.625;0.73046875;0.43359375;0.94140625
0.078125;0.0546875;0.34765625;0.55078125;0.0546875;0.05078125;0.40625;0.5078125;0.0234375;0.078125;0.5625;1.1015625;0.03125;0.12109375;0.50390625;0.26953125
0.84375;0.3984375;1.0546875;0.1484375;1.0234375;0.18359375;1.03515625;0.27734375;0.88671875;0.57421875;1.4140625;0.61328125;0.49609375;0.15234375;0.97265625;0.1171875
0.66015625;0.5078125;0.44921875;0.82421875;0.84375;0.3203125;0.453125;0.83203125;0.44921875;0.22265625;0.6015625;0.2265625;0.78515625;0.25;0.63671875;0.78125
0.22265625;0.11328125;0.15625;0.265625;0.08203125;0.140625;0.2109375;0.66796875;0.234375;0.05859375;0.1328125;0.23046875;0.4375;0.34375;0.0859375;0.32421875
0.2578125;0.12109375;0.04296875;0.38671875;0.96484375;0.03515625;0.22265625;0.734375;0.83203125;0.12109375;0.19140625;0.51171875;0.5234375;0.51953125;0.30859375;0.01171875
0.19140625;0.1796875;0.0859375;0.02734375;0.62890625;0.1328125;0.0546875;0.796875;0.5859375;0.22265625;0.0234375;0.41015625;0.4375;0.30078125;0.29296875;0.29296875
0.046875;0.44921875;0.3671875;0.4765625;0.22265625;0.19921875;0.03125;0.1640625;0.16015625;0.21875;0.0078125;0.26953125;0.34765625;0.1875;0.015625;0.27734375
0.58984375;0.72265625;0.078125;0.31640625;0.23828125;0.4921875;0.0625;0.20703125;0.13671875;0.6171875;0.5546875;0.16015625;0.578125;0.7734375;0.05859375;0.70703125
0.47265625;0.43359375;0.51953125;0.27734375;0.7265625;0.1015625;0.265625;0.31640625;0.53125;0.04296875;0.2421875;0.2265625;0.8359375;0.37109375;0.23046875;0.28515625
0.30859375;0.14453125;0.01171875;0.33203125;0.4921875;0.18359375;0.1015625;0.671875;0.05859375;0.51953125;0.484375;0.25;0.5234375;0.47265625;0.26953125;0.875
0.25;0.703125;0.6875;0.26953125;0.37890625;0.34375;0.50390625;0.2109375;0.39453125;0.62109375;0.56640625;0.17578125;0.51953125;0.6328125;0.86328125;0.23046875
0.453125;0.5625;0.5859375;0.3046875;0.421875;0.703125;1.0390625;0.91015625;0.40234375;0.0625;1.06640625;0.5625;0.046875;0.40625;0.734375;0.5078125
0.49609375;0.9921875;0.0625;0.12109375;0.4921875;0.66015625;0.24609375;0.27734375;0.46875;0.65625;0.0859375;0.09375;0.5390625;0.84375;0.16015625;0.21875
0.1640625;0.00390625;0.07421875;0.12890625;0.07421875;0.42578125;0.16015625;0.03125;0.9296875;0.2421875;0.03515625;0.30078125;0.6171875;0.10546875;0.03125;0.08984375
0.640625;0.5390625;0.109375;0.15625;0.54296875;0.3515625;0.26171875;0.109375;0.9609375;0.74609375;0.3203125;0.30859375;0.95703125;0.65625;0.06640625;0.140625
0.25390625;0.125;0.4765625;0.1171875;0.14453125;0.18359375;0.19921875;0.30078125;0.01953125;0.171875;0.2421875;0.21484375;0.05859375;0.28515625;0.47265625;0.1015625
0.23828125;0.17578125;0.4375;0.3046875;0.3984375;0.1875;0.5703125;0.23828125;0.31640625;0.48828125;0.6484375;0.79296875;0.8125;0.11328125;0.8828125;0.0703125
0.1171875;0.40234375;0.26953125;0.83203125;0.27734375;0.078125;0.453125;0.83984375;0.3046875;0.125;0.74609375;0.5859375;0.2109375;0.296875;0.5078125;0.54296875
0.1796875;0.4609375;0.0546875;0.328125;0.12890625;0.59375;0.3828125;0.046875;0.22265625;0.08203125;0.265625;0.19921875;0.078125;0.28515625;0.52734375;0.0625
0.66796875;1.00390625;0.59765625;0.265625;0.66796875;0.5859375;0.12109375;0.71875;0.4921875;0.6640625;0.34765625;0.2265625;0.33984375;0.2890625;0.05859375;0.54296875
0.28125;0.58203125;0.203125;0.22265625;0.63671875;0.67578125;0.00390625;0.30078125;0.72265625;0.72265625;0.140625;0.125;1.2265625;1.0625;0.671875;0.13671875
0.08984375;0.09375;0.2421875;0.16796875;0.26953125;0.1015625;0.19140625;0.20703125;0.203125;0.125;0.17578125;0.31640625;0.46484375;0.35546875;0.03125;0.09765625
0.44921875;0.0234375;0.4921875;0.4765625;0;0.3046875;0.453125;0.26953125;0.1328125;0.1640625;0.37109375;0.2421875;0.08203125;0.50390625;0.60546875;0.41796875
0.75390625;0.09375;0.17578125;0.796875;0.01171875;0.26953125;0.0390625;0.32421875;0.38671875;0.125;0.2421875;0.48828125;0.48046875;0.3515625;0.1484375;0.390625
0.31640625;0.015625;0.6015625;0.4375;0.30078125;0.14453125;0.64453125;0.375;0.55078125;0.08984375;0.3359375;0.265625;0.26171875;0.17578125;0.3984375;0.2734375
0.0625;0.24609375;0.00390625;0.2890625;0.078125;0.51953125;0.09375;0.55078125;0.15234375;0.00390625;0.34375;0.32421875;0.09375;0.671875;0.13671875;0.7421875
0.59375;0.21484375;0.109375;0.0390625;0.1484375;0.48828125;0.29296875;0.40625;0.4765625;0.66015625;0.12109375;0.63671875;0.16015625;0.1953125;0.12109375;0.51171875
0.19140625;0.609375;0.56640625;0.11328125;0.87890625;0.1640625;1.01171875;0.02734375;0.6640625;0.03125;0.71484375;0.40234375;0.58203125;0.44140625;0.6640625;0.10546875
1.08984375;0.3828125;0.04296875;0.30078125;0.98828125;0.1484375;0.11328125;0.05859375;0.70703125;0.1640625;0.26953125;0.1484375;0.98828125;0.24609375;0.16015625;0.23046875
0.3671875;0.61328125;0.25390625;0.66796875;0.84765625;0.8203125;0.35546875;0.703125;0.45703125;0.33984375;0.45703125;0.5234375;0.265625;0.02734375;0.390625;0.8359375
0.921875;0.2890625;0.3671875;0.36328125;0.4921875;0.1328125;0.296875;0.203125;0.6796875;0.171875;0.375;0.53125;1.19140625;0.359375;0.41796875;0.5078125
0.67578125;0.1640625;0.13671875;0.38671875;0.16796875;0.546875;0.37109375;0.0078125;0.44921875;0.87109375;0.09765625;0.23046875;0.4921875;1.4453125;0.00390625;0.34765625
0.29296875;0.26171875;0.015625;0.11328125;0.43359375;0.3515625;0.01171875;0.24609375;0.54296875;0.41796875;0.28125;0.15625;0.70703125;0.62890625;0.109375;0.5859375
0.52734375;0.82421875;0.3671875;0.0390625;0.34765625;0.8359375;0.265625;0.0859375;0.53515625;0.8984375;0.078125;0.3046875;0.8828125;0.50390625;0.1796875;0.171875
0.62890625;0.26953125;0.26953125;0.625;0.62109375;0.43359375;0.78125;0.98828125;0.14453125;0.09375;0.89453125;0.53515625;0.8203125;0.0625;0.76171875;1.28515625
0.48046875;0.4609375;0.9375;0.19921875;0.05859375;0.3046875;0.32421875;0.046875;0.3671875;0.1171875;0.42578125;0.1328125;0.21875;0.16015625;0;0.14453125
0.5078125;1.18359375;0.4453125;0.15234375;0.97265625;1.703125;0.62109375;0.15234375;0.71484375;1.56640625;0.625;0.0546875;0.3515625;1.703125;0.84375;0.13671875
0.1875;0.46875;0.203125;0.49609375;0.109375;0.71484375;0.40625;0.47265625;0.078125;0.26953125;0.625;0.08984375;0.16796875;0.9296875;0.03125;0.296875
0.09765625;0.28125;0.04296875;0.09765625;0.1953125;0.37890625;0.15625;0.04296875;0.1171875;0.37890625;0.08203125;0.08203125;0.37890625;0.65234375;0.0625;0.0078125
0.05078125;0.890625;0.96875;0.3359375;0.46484375;0.41796875;0.8515625;0.17578125;0.43359375;0.45703125;0.07421875;0.19140625;0.203125;0.84375;0.5546875;0.125
0.42578125;0.4375;0.34765625;0.765625;0.71875;0.4140625;0.3359375;0.96875;0.3984375;0.5859375;0.49609375;1.00390625;0.5078125;0.52734375;0.09765625;0.77734375
0.109375;0.23828125;0.1171875;0.27734375;0.234375;0.48046875;0.19921875;0.65625;0.47265625;0.0859375;0.28125;0.20703125;0.421875;0.703125;0.17578125;0.921875
0.984375;0.03515625;0.25390625;0.234375;0.91015625;0.0234375;0.1953125;0.421875;1.27734375;0.5703125;0.1015625;0.3984375;1.2734375;0.05078125;0.10546875;0.578125
0.01171875;0.34375;0.2578125;0.32421875;0.23046875;0.3203125;0.11328125;1.09765625;0.29296875;0.2421875;0.36328125;0.9296875;0.05859375;0.203125;0.0625;0.64453125
0.19921875;0.18359375;0.61328125;0.17578125;0.359375;0.43359375;0.15234375;0.31640625;0.0625;0.02734375;0.1015625;0.24609375;0.16796875;0.109375;0.203125;0.33203125
0.25;0.4375;0.4765625;0.3203125;0.1953125;0.453125;0.1484375;0.02734375;0.5390625;0.0625;0.421875;0.1875;0.0546875;0;0.1171875;0.14453125
0.49609375;0.16015625;0.421875;0.31640625;0.4375;0.34375;0.15625;0.125;0.84375;0.5078125;0.35546875;0.11328125;0.7109375;0.1484375;0.90234375;0.7109375
0.37890625;0.6171875;0.8984375;0.97265625;0.0703125;0.17578125;0.73828125;0.2734375;0.0859375;0.59375;0.453125;0.45703125;0.0390625;0.7265625;0.703125;0.765625
0.2890625;0.1328125;0.1875;0.515625;0.5;0.15234375;0.3359375;0.609375;0.3203125;0.265625;0.38671875;0.890625;1.03125;0.16015625;0.62109375;0.72265625
0.6796875;0.12109375;0.09375;0.19921875;0.95703125;0.1484375;0.00390625;0.21875;0.09765625;0.203125;0.21875;0.0859375;0.2734375;0.24609375;0.17578125;0.0078125
0.61328125;0.25390625;0.55078125;0.54296875;0.86328125;0.44140625;0.09375;0.62890625;0.59375;0.42578125;0.140625;0.51171875;0.76171875;0.21875;0.0078125;0.96484375
0.27734375;0.30078125;0.78125;0.484375;1.20703125;0.0625;0.20703125;0.4453125;0.1875;0.125;0.234375;0.0390625;0.82421875;0.06640625;0.06640625;0.33984375
0.47265625;0.1875;0.265625;0.69921875;0.59765625;0.12109375;0.0625;1.07421875;0.39453125;0.15234375;0.00390625;0.86328125;0.0234375;0.13671875;0.2734375;0.53515625
0.19140625;0.11328125;0.15234375;0.14453125;0.1953125;0;0.33984375;0.2265625;0.28125;0.10546875;0.11328125;0.10546875;0.0546875;0.12109375;0.515625;0.0234375
0.3359375;0.4296875;0.21484375;0.02734375;0.1484375;0.30078125;0.33203125;0.03125;0.09765625;0.22265625;0.27734375;0.0390625;0.25;0.421875;0.3671875;0.04296875
0.72265625;0.453125;0.80078125;0.91796875;0.7890625;0.4765625;0.5546875;0.0703125;0.04296875;0.65625;0.25;0.328125;0.5390625;0.1953125;0.48046875;0.4140625
0.515625;0.2734375;0.91796875;0.76171875;0.51171875;0.203125;1.15625;0.76953125;0.64453125;0.21875;1.01171875;0.86328125;0.39453125;0.01171875;0.78515625;0.59765625
0.42578125;0.16015625;0.17578125;0.25;0.62109375;0.06640625;0.48046875;0.38671875;0.60546875;0.09375;0.05078125;0.24609375;0.8359375;0.03515625;0.6640625;0.4609375
1.28125;0.49609375;0.31640625;0.0859375;1.28125;0.2578125;0.68359375;0.1015625;1.7734375;0.265625;0.8203125;0.55859375;1.640625;0.11328125;0.58203125;0.046875
0.20703125;0.19921875;0.77734375;1.4765625;0.11328125;0.4453125;0.05859375;0.56640625;0.1015625;0.2109375;0.25390625;1.140625;0.1171875;0.2421875;0.10546875;0.38671875
0.07421875;0.140625;0.109375;0.07421875;0.41796875;0.2265625;0.41796875;0.3828125;0.11328125;0.1015625;0.01171875;0.18359375;0.08984375;0.015625;0.1484375;0.31640625
0.62890625;0.37890625;0.3359375;0.875;0.6171875;0.12890625;0.5;0.7265625;0.48828125;0.41796875;0.19140625;0.58203125;0.38671875;0.27734375;0.19140625;0.6171875
0.26171875;0.19921875;0.65625;0.19140625;0.0625;0.11328125;0.4609375;0.01171875;0.26953125;0.078125;0.71484375;0.125;0.6328125;0.15234375;1.08984375;0.26953125
1.72265625;0.20703125;0.61328125;0.2890625;1.03125;0.0546875;0.38671875;0.27734375;1.1484375;0.40234375;0.1796875;0.21484375;1.80078125;0.46484375;0.0234375;0.12890625
0.28125;0.015625;0.19921875;0.0546875;0.33984375;0.015625;0.16796875;0.08984375;0.4609375;0.3203125;0.265625;0.25390625;0.5234375;0.10546875;0.05078125;0.12890625
0.640625;0.60546875;0.1640625;0.328125;0.8359375;0.625;0.13671875;0.15625;0.37109375;0.1640625;0.21484375;0.08203125;0.0546875;0.734375;0.2578125;0.140625
0.3046875;0.13671875;0.37890625;0.41796875;0.71875;0.10546875;0.2734375;0.10546875;0.41796875;0.16015625;0.43359375;0.0546875;0.85546875;0.37890625;0.15234375;0.0625
0.625;0.8828125;0.265625;0.56640625;0.25390625;0.29296875;0.13671875;0.08203125;0.34375;0.4765625;0.0703125;0.4609375;0.03515625;0.015625;0.15234375;0.12109375
0.421875;0.2890625;0.609375;0.14453125;0.69140625;0.55078125;0.67578125;0.20703125;0.53515625;0.41796875;0.5078125;0.11328125;0.2421875;0.19140625;0.29296875;0.07421875
0.6875;0.3828125;0.14453125;1.046875;1.17578125;0.28515625;0.015625;1.09375;0.48828125;0.078125;0.140625;0.1015625;0.84375;0.37109375;0.08984375;0.66796875
0.28515625;0.79296875;0.73828125;0.0625;0.08984375;0.40625;0.47265625;0.109375;0.20703125;0.296875;0.3203125;0.03515625;0.14453125;0.5703125;0.76171875;0.09765625
0.921875;0.47265625;0.83984375;0.01171875;0.890625;0.76171875;0.65625;0.3515625;0.28125;0.0546875;0.453125;0.1796875;0.65234375;0;0.71875;0.0859375
0.10546875;0.03515625;0.33203125;0.28515625;0.79296875;0.34375;0.05078125;0.34765625;0.359375;0.46875;0.01953125;0.296875;0.3828125;0.23046875;0.0546875;0.31640625
0.1015625;0.234375;0.4453125;0.22265625;0.1796875;0.32421875;0.62890625;0.26171875;0.7421875;0.04296875;0.0625;0.6953125;0.12109375;0.36328125;0.6796875;0.1015625
0.44140625;0.44921875;0.51953125;0.2265625;0.296875;0.453125;0.0546875;0.09375;0.20703125;1.01171875;0.26953125;0.296875;0.3671875;0.5859375;0.1328125;0.3203125
0.2421875;0.08984375;0.88671875;0.3359375;0.5;0.13671875;1.32421875;0.71484375;0.00390625;0.11328125;1.2890625;0.5234375;0.04296875;0.1328125;0.93359375;0.6171875
0.48046875;0.2265625;0.9140625;0.2421875;0.28125;0.16796875;0.73828125;0.1171875;0.37109375;0.04296875;0.41015625;0.05859375;0.47265625;0.06640625;0.7109375;0.07421875
1.0234375;0.54296875;0.375;0.73046875;0.92578125;0.3515625;0.0625;0.8203125;1.21484375;0.5859375;0.59375;0.88671875;1.08203125;0.28125;0.2734375;0.32421875
0.35546875;0.984375;0.68359375;0.1171875;0.06640625;0.38671875;0.27734375;0.03515625;0.0390625;0.828125;0.5546875;0.02734375;0.1640625;1.32421875;1.17578125;0.2109375
0.48828125;0.31640625;0.67578125;0.0703125;0.2109375;0.00390625;0.390625;0.18359375;0.28515625;0.28515625;0.30859375;0.44140625;0.2578125;0.03515625;0.4453125;0.4921875
0.2265625;0.1328125;0.3515625;0.46484375;0.25390625;0.1953125;0.28515625;0.55078125;0.32421875;0.328125;0.87109375;0.55078125;0.3046875;0.30859375;0.03515625;0.7734375
0.30859375;0.14453125;0.65234375;0.03515625;0.640625;0.52734375;0.7578125;0.25;0.69921875;0.21875;0.25390625;0.40234375;0.41796875;0.1640625;0.484375;0.171875
0.96484375;0.3046875;0.48046875;0.3515625;1.40234375;0.2890625;1.09765625;0.5;0.53515625;0.4375;0.69140625;0.1953125;1.34375;0.4921875;0.84765625;0.43359375
0.1875;0.0859375;0.0703125;0.3828125;0.01953125;0.1484375;0.0625;0.40625;0.140625;0.16796875;0.08984375;0.15625;0.08203125;0.11328125;0.1796875;0.33203125
0.390625;0.2265625;0.08203125;0.4609375;0.828125;0.25390625;0.35546875;0.54296875;0.5859375;0.28125;0.17578125;0.55078125;0.30078125;0.3359375;0.30078125;0.89453125
0.3359375;0.34375;0.359375;0.26171875;0.40234375;0.52734375;0.63671875;0.0546875;0.13671875;0.32421875;0.12890625;0.08984375;0.3671875;0.2265625;0.6953125;0.05078125
0.49609375;0.06640625;0.25390625;0.2578125;0.125;0.27734375;0.05859375;0.1171875;0.15625;0.0625;0.015625;0.11328125;0.15234375;0.421875;0.0234375;0.22265625
0.046875;0.125;0.31640625;0.70703125;0.265625;0.25;0.0546875;1.0625;0.26953125;0.015625;0.125;0.796875;0.09375;0.20703125;0.04296875;0.65234375
0.33984375;0.49609375;0.671875;0.15625;0.43359375;0.24609375;0.41796875;0.1015625;0.3984375;0.2109375;0.28515625;0.2890625;0.52734375;0.46484375;0.421875;0.11328125
0.1796875;0.51171875;0.15234375;0.46484375;0.375;0.96484375;0.45703125;0.98046875;0.69140625;0.39453125;0.4609375;0.1015625;0.65234375;1.26171875;0.7578125;1.2890625
0.1796875;0.33984375;0.57421875;0.140625;0.140625;0.3671875;0.5546875;0.4453125;0.09765625;0.70703125;0.39453125;0.48046875;0.01171875;0.3125;0.71484375;0.5859375
0.4140625;0.25;0.13671875;0.62109375;0.25390625;0.328125;0.08203125;0.6953125;0.61328125;0.30859375;0.0234375;0.890625;0.35546875;0.234375;0.21484375;0.546875
0.4453125;0.70703125;0.390625;0.015625;0.12890625;0.9140625;0.2109375;0.5;0.3984375;0.46875;0.24609375;0.1015625;0.375;0.66015625;0.1640625;0.14453125
0.34375;0.125;0.00390625;0.9609375;0.10546875;0.09375;0.14453125;0.9296875;0.171875;0.15234375;0.234375;0.76953125;0.18359375;0.08203125;0.1015625;0.48046875
0.1796875;0.58984375;0.49609375;0.44140625;0.1953125;0.3203125;0.03515625;0.28515625;0.3046875;0.6875;0.06640625;0.68359375;0.16015625;0.89453125;0.609375;0.609375
0.55078125;0.85546875;0.6484375;0.73828125;0.04296875;0.62890625;0.3515625;0.140625;0.19921875;1.046875;0.8828125;0.3046875;0.0859375;1.40234375;1.3046875;0.1640625
0.62890625;0.3125;0.1953125;0.02734375;0.80078125;0.4375;0.125;0.09375;0.96875;0.91015625;0.390625;0.01953125;1.1875;0.6953125;0.06640625;0.22265625
0.83203125;0.2734375;0.30859375;0.1015625;0.68359375;0.12890625;0.37109375;0.140625;0.61328125;0.14453125;0.67578125;0.203125;0.63671875;0.14453125;0.82421875;0.0703125
0.3984375;0.578125;0.65234375;0.05078125;0.28515625;0.82421875;1.2265625;0.28515625;0.3984375;0.60546875;0.9921875;0.4765625;0.20703125;0.84375;1.5;0.44921875
0.0625;0.24609375;0.66796875;0.59765625;0.15234375;0.6640625;0.22265625;0.1328125;0.07421875;0.28125;0.20703125;0.40234375;0.015625;0.51953125;0.265625;0.12890625
0.05859375;0.16796875;0.6328125;0.3125;0.0703125;0.125;1.27734375;0.578125;0.02734375;0.171875;1;0.4375;0.37109375;0.40625;0.5703125;0.12890625
0.015625;0.078125;0.00390625;0.5;0.28515625;0.32421875;0.09375;0.8671875;0.33984375;0.2421875;0.0625;0.38671875;0.11328125;0.34375;0.01953125;0.46484375
0.07421875;0.7109375;0.0078125;0.5;0.01171875;0.49609375;0.03125;0.05859375;0.12109375;0.40625;0.0546875;0.078125;0.06640625;0.6015625;0.0546875;0.14453125
0.33984375;0.10546875;0;0.2421875;0.76171875;0.20703125;0.6953125;0.4453125;0.08203125;0.0703125;0.203125;0.0859375;0.1875;0.0078125;0.12890625;0.07421875
1.25;0.03515625;0.51953125;0.0234375;0.9609375;0.06640625;0.734375;0.59375;0.93359375;0.109375;0.5546875;0.4453125;0.67578125;0.03515625;0.4140625;0.5
0.0703125;0.25390625;0.13671875;0.34375;0.3515625;0.5078125;0.015625;0.6875;0.29296875;1.04296875;0.71875;0.3046875;0.67578125;0.875;0.27734375;0.796875
0.08203125;0.234375;0.33984375;0.01953125;0.31640625;0.6484375;0.078125;0.16015625;0.76171875;1.03125;0;0.56640625;0.0390625;0.7109375;0.1953125;0.078125
0.28515625;0.03515625;0.04296875;0.48046875;0.36328125;0.12890625;0.25;0.4609375;0.078125;0.19921875;0.41796875;0.64453125;0.15625;0.28515625;0.56640625;0.390625
0.32421875;0.578125;0.03125;0.5546875;0.33984375;0.30078125;0.0859375;0.1328125;0.4296875;0.578125;0.18359375;0.03515625;0.4609375;0.625;0.09375;0.17578125
0.421875;0.9609375;1.4375;1.05078125;0.359375;0.796875;1.94921875;1.4453125;0.671875;0.37109375;1.546875;0.62109375;0.33203125;0.16015625;1.1875;0.6328125
0.0625;0.19140625;0.22265625;0.51953125;0.359375;0.1328125;0.234375;0.12890625;0.57421875;0.33203125;0.30078125;0.26171875;0.24609375;0.0078125;0.05078125;0.53515625
0.71875;0.0859375;1.34765625;0.16796875;0.609375;0.34765625;0.38671875;0.15625;0.21875;0.72265625;0.59765625;0.64453125;0.44921875;1.0234375;0.625;0.40234375
0.0859375;0.09375;0.078125;0.40234375;0.1953125;0.13671875;0.05859375;0.30078125;0.359375;0.1015625;0.12109375;0.8984375;0.3203125;0.296875;0.06640625;0.0234375
0.69140625;0.109375;0.71875;0.4140625;0.453125;0.1796875;0.78515625;0.359375;0.56640625;0.0859375;0.75;0.6953125;0.62109375;0.06640625;0.54296875;0.4296875
0.828125;0.2265625;0.015625;0.05078125;1.24609375;0.10546875;0.25390625;0.28125;0.62109375;0.09375;0.1796875;0.015625;1.40234375;0.1796875;0.0859375;0.0703125
0.71875;0.2265625;0.69921875;0.4375;0.59765625;0.75390625;0.8515625;0.54296875;0.578125;0.1171875;0.06640625;0.46484375;0.4453125;0.45703125;0.83984375;0.65234375
0.24609375;0.9609375;0.05078125;0.2265625;0.6640625;1.49609375;0.0234375;0.4375;0.46875;1.13671875;0.125;0.32421875;0.0625;0.58984375;0.28515625;0.19921875
0.15625;0.203125;0.40625;0.44921875;0.24609375;0.45703125;0.62109375;0.875;0.03125;0.08203125;0.171875;0.23828125;0.578125;0.10546875;0.28515625;0.8671875
0.921875;0.265625;0.01953125;0.21484375;0.45703125;0.30859375;0.15234375;0.21484375;0.3984375;0.12109375;0.0625;0.26953125;0.6171875;0.6328125;0.1640625;0.359375
0.5703125;0.2890625;0.2265625;0.06640625;0.58203125;0.37109375;0.328125;0.38671875;0.0546875;0.24609375;0.0703125;0.2421875;0.3359375;0.0078125;0.12109375;0.25390625
0.58984375;0.30078125;0.40234375;0.62890625;0.33984375;0.2109375;0.01953125;0.890625;0.51953125;0.078125;0.1015625;0.88671875;0.37109375;0.3125;0.08203125;0.58203125
0.5390625;1.3828125;0.7734375;0.8203125;0.1171875;0.67578125;0.1484375;0.58203125;0.61328125;1.109375;0.16015625;1.48828125;0.07421875;0.73046875;0.47265625;0.453125
0.04296875;0.1171875;0.6953125;0.46875;0.20703125;0.0546875;0.58984375;0.375;0.04296875;0.390625;0.80078125;0.515625;0.2734375;0.89453125;0.73828125;0.2109375
0.19921875;0.4765625;0.38671875;0.0625;0.19140625;0.60546875;0.07421875;0.26953125;0.15234375;0.42578125;0.05859375;0.20703125;0.01953125;0.35546875;0.03125;0.26953125
0.75;0.25;0.20703125;0.61328125;1.12109375;0.8203125;0.69921875;0.80078125;0.1328125;0.09765625;0.29296875;0.38671875;0.1015625;0.21484375;0.0546875;0.7421875
0.66796875;0.16015625;0.7578125;0.05859375;0.55078125;0.46875;0.55859375;0.16015625;0.6953125;0.140625;0.87109375;0.03125;0.81640625;0.3046875;0.94921875;0.12890625
0.41015625;0.578125;0.0078125;0.23046875;0.4140625;0.96875;0.36328125;0.2734375;0.640625;0.44921875;0.109375;0.57421875;0.46875;0.93359375;0.265625;0.3203125
0.31640625;0.22265625;0.375;0.3984375;0.6015625;0.68359375;0.40625;0.9453125;0.16015625;0.32421875;0.1875;0.734375;0.46875;0.39453125;0.59375;0.50390625
0.0625;0.00390625;0.19140625;0.37109375;0.0234375;0.1015625;0.3828125;0.015625;0.12109375;0.08984375;0.4296875;0.62890625;0.03515625;0.0078125;0.30859375;0.5546875
0.6484375;0.1953125;1.19921875;0.55859375;0.9375;0.3359375;1.09375;0.07421875;0.98828125;0.37890625;1.0703125;0.140625;0.6171875;0.1328125;1.1328125;0.5390625
0.30859375;0.1796875;0.18359375;0.3046875;0.44140625;0.234375;0.37109375;0.0859375;0.91015625;0.05078125;0.90234375;0.375;0.71875;0.62109375;0.33984375;0.94921875
0.00390625;0.03125;0.33984375;0.5234375;0.1796875;0.16796875;0.25;0.40625;0.2734375;0.2421875;0.26953125;0.35546875;0.36328125;0.34375;0.33203125;0.3359375
0.01953125;0.48828125;0.0546875;0.10546875;0.50390625;0.3828125;0.12109375;0.21875;0.87890625;0.4765625;0.37890625;0.234375;0.59375;0.078125;0.1796875;0.30078125
0.234375;0.2109375;0.06640625;0.01171875;0.265625;0.015625;0.43359375;0.48828125;0.82421875;0.34765625;0.0078125;0.6015625;0.72265625;0.15234375;0.12109375;0.91015625
0.2734375;0.359375;0.2734375;0.23828125;0.171875;0.42578125;0.33203125;0.55859375;0.2421875;0.1328125;0.0390625;0.703125;0.1953125;0.203125;0.01171875;0.2421875
0.14453125;0.36328125;0.1640625;0.14453125;0.171875;0.5625;0.0625;0.23046875;0.27734375;0.7890625;0.11328125;0.0078125;0.1484375;0.10546875;0.12890625;0.34375
0.046875;0.10546875;0.2578125;0.0234375;0.453125;0.59765625;0.46484375;0.28125;0.375;0.26171875;0.15234375;0.203125;0.52734375;0.52734375;0.359375;0.0703125
0.42578125;0.96484375;0.609375;1.0234375;0.26953125;0.28515625;0.3828125;0.64453125;0.5078125;0.46484375;0.21875;0.8359375;0.70703125;0.08203125;0.01171875;0.89453125
0.203125;0.5390625;0.40234375;0.19140625;0.1328125;0.55859375;0.484375;0.296875;0.265625;0.47265625;0.2421875;0.16015625;0.171875;0.01953125;0.22265625;0.140625
0.37890625;0.59375;0.8515625;0.8515625;0.55859375;0.0703125;0.53125;0.59765625;0.09375;0.07421875;0.23828125;0.19921875;0.015625;0.0625;0.7578125;0.34765625
0.43359375;0.6875;0.24609375;0.2578125;0.55078125;1.10546875;0.36328125;0.4140625;0.22265625;0.2734375;0.296875;0.08984375;0.44921875;0.2890625;0.12890625;0.19140625
0.109375;0.27734375;0.1328125;0.1484375;0.2734375;0.10546875;0.015625;0.1953125;0.1875;0.56640625;0.2578125;0.03125;0.203125;0.53125;0.203125;0.0625
0.5390625;0.15234375;0.07421875;0.06640625;0.81640625;0.578125;0.09765625;0.11328125;0.54296875;0.625;0.62890625;0.02734375;0.78515625;0.53125;0.01953125;0.08203125
0.53125;0.3671875;0.35546875;0.3515625;0.01953125;0.1875;0.5234375;0.2734375;0.05859375;0.0859375;0.4453125;0.609375;0.21875;0.01953125;0.31640625;0.078125
0.11328125;0.87109375;0.09765625;0.7578125;0.51171875;0.2890625;0.921875;0.32421875;0.41796875;0.0625;0.515625;0.015625;0.0078125;0.7734375;0.34375;0.828125
0.06640625;0.01171875;0.890625;0.41796875;0.08984375;0.15625;0.4375;0.78515625;0.0234375;0.1015625;0.40234375;0.80859375;0.30078125;0.33984375;1.1484375;0.3125
0.02734375;0.1171875;0.1640625;0.01953125;0.203125;0.05859375;0.578125;0.38671875;0.01171875;0.3125;0.3203125;0.00390625;0.2109375;0.6484375;0.17578125;0.35546875
0.875;1.046875;0.28515625;0.42578125;0.265625;0.1484375;0.08203125;0.5625;0.3984375;0.45703125;0.203125;0.51171875;0.1015625;0.078125;0.15234375;0.63671875
0.53515625;0.875;0.7578125;0.4453125;1.12109375;1.02734375;0.27734375;0.18359375;1.40234375;1.15625;0.48828125;0.078125;0.359375;0.46484375;0.359375;0.14453125
0.13671875;0.07421875;0.06640625;0.17578125;0.4453125;0.33984375;0.09765625;0.0703125;0.3515625;0.0234375;0.25;0.390625;0.35546875;0.17578125;0.0390625;0.203125
0.12109375;0.6484375;0.625;0.8203125;0.52734375;0.33984375;0.75390625;0.6796875;0.484375;0.12890625;0.390625;0.3671875;0.015625;0.296875;0.296875;0.359375
0.26953125;0.11328125;0.08203125;0.390625;0.23046875;0.31640625;0.13671875;0.5390625;0.27734375;0.22265625;0.1875;0.515625;0.21484375;0.2890625;0.01171875;0.53125
0.0859375;0.4375;0.46484375;0.3046875;0.0546875;0.015625;0.62109375;0.4140625;0.1875;0.03125;0.2734375;0.18359375;0.08203125;0.0625;0.48046875;0.3125
0.3046875;0.25;0.046875;0.15625;0.0234375;0.33984375;0.34375;0.19140625;0.08203125;0.73046875;0.078125;0.9140625;0.01171875;0.8046875;0.3984375;0.63671875
0.484375;0.23046875;0;0.01953125;0.4453125;0.3671875;0.21484375;0.19140625;0.36328125;0.2578125;0.12890625;0.22265625;0.3515625;0.91015625;0.2109375;0.33984375
0.78125;0.32421875;0.69140625;0.234375;0.30078125;0.6171875;0.89453125;0.36328125;0.1015625;0.109375;0.48046875;0.1953125;0.4921875;0.51953125;0.30859375;0.59375
0.9453125;0.14453125;0.05078125;0.06640625;1.24609375;0.1796875;0.12890625;0.5078125;0.375;0.14453125;0.1640625;0.05078125;0.3671875;0.171875;0.38671875;0.23828125
0.4765625;0.27734375;0.3515625;1.01171875;0.46484375;0.37109375;0.1875;0.63671875;0.9375;0.65234375;0.45703125;0.96484375;0.9375;0.83984375;0.4609375;0.9765625
0.39453125;0.09375;0.05859375;0.1640625;0.921875;0.3984375;0.1953125;0.4765625;1;0.10546875;0.70703125;0.3046875;0.8359375;0.28515625;0.24609375;0.421875
0.35546875;0.4296875;0.47265625;0.1484375;0.46875;1.36328125;0.14453125;0.328125;0.265625;0.68359375;0.46484375;0.16796875;0.54296875;0.7578125;0.01953125;0.26953125
0.08984375;0.47265625;0.16015625;0.12109375;0.3671875;0.79296875;0.12109375;0.47265625;0.51953125;0.14453125;0.046875;0.2421875;0.07421875;0.54296875;0.00390625;0.03125
0.82421875;0.578125;0.14453125;0.26953125;0.375;0.83984375;0.23046875;0.01171875;0.140625;0.8984375;0.25390625;0.0078125;0.890625;0.43359375;0.26171875;0.20703125
0.23046875;0.28515625;0.23828125;0.3203125;0.0703125;0.3671875;1.02734375;0.65234375;0.671875;0.140625;1.14453125;1.16796875;0.5703125;0.08203125;0.19921875;0.453125
0.31640625;0.0078125;0.234375;0.171875;0.00390625;0.0078125;0.05078125;0.078125;0.1953125;0.1953125;0.3515625;0.03515625;0.0078125;0.06640625;0.15234375;0.04296875
0.73046875;1.40234375;0.5390625;0.33984375;0.1953125;1.82421875;1.03125;0.34765625;0.58203125;2.1171875;1.05078125;0.19140625;0.58984375;0.8984375;0.16796875;0.3125
0.06640625;0.34375;0.0234375;0.22265625;0.16015625;0.2109375;0.2734375;0.05078125;0.0234375;0.69921875;0.71484375;0.06640625;0.015625;0.640625;0.6015625;0.28515625
0.47265625;0.4375;0.015625;0.03515625;0.21484375;0.69140625;0.0546875;0.0859375;0.34375;0.81640625;0.3203125;0.4609375;0.25;0.296875;0.06640625;0.140625
0.21875;0.4296875;0.1796875;0.0625;0.3984375;0.5;0.859375;0.19140625;0.46484375;0.66015625;0.97265625;0.21875;0.13671875;0.33984375;0.49609375;0.1328125
0.3828125;0.12109375;0.37109375;0.5078125;0.453125;0.22265625;0.00390625;0.4296875;0.3046875;0.13671875;0.20703125;0.22265625;0.40625;0.234375;0.10546875;0.37109375
0.6484375;0.1953125;0.421875;0.50390625;0.453125;0.68359375;0.4140625;0.54296875;0.40625;0.74609375;0.06640625;0.98046875;0.2421875;0.83203125;0.49609375;0.95703125
0.80078125;0.09765625;0.265625;0.1796875;0.7734375;0.109375;0.0859375;0.08984375;0.72265625;0.26953125;0.3203125;0.24609375;0.375;0.3359375;0.33984375;0.1875
0.484375;0.72265625;0.4609375;1.125;0.20703125;0.53125;0.140625;0.359375;0.30859375;0.390625;0.1796875;0.02734375;0.3828125;0.6171875;0.56640625;0.75390625
0.2578125;0.29296875;0.08984375;0.34765625;0.140625;0.0625;0.390625;0.7734375;0.02734375;0.1328125;0.015625;0.38671875;0.05859375;0.21875;0.23046875;0.2734375
0.27734375;0.1875;0.1171875;0.0546875;0.25;0.375;0.0078125;0.03125;0.0078125;0.30078125;0.125;0.04296875;0.1484375;0.3828125;0.08203125;0.0859375
0.56640625;0.15625;0.37890625;0.328125;0.80859375;0.203125;0.62109375;0.56640625;0.0859375;0.3125;0.1796875;0.21484375;0.7421875;0.08984375;0.546875;0.4375
0.10546875;0.51171875;1.13671875;0.6015625;0.01953125;0.66796875;0.8984375;0.8203125;0.08984375;0.1640625;0.89453125;0.69140625;0.015625;0.671875;0.7109375;0.6171875
0.375;0.35546875;0.109375;0.19921875;0.6015625;0.21875;0.3203125;0.6484375;0.6640625;0.09765625;0.34765625;0.60546875;0.203125;0.328125;0.19140625;0.453125
0.09375;0.2890625;0.03515625;0.03125;0.7109375;0.1328125;0.015625;0.18359375;0.75390625;0.13671875;0.1171875;0.21484375;0.0390625;0.40234375;0.015625;0.1328125
0.30078125;0.11328125;0.19140625;0.40625;0.6171875;0.453125;0.25;0.484375;1.0390625;0.60546875;0.25390625;0.8046875;0.66015625;0.35546875;0.67578125;0.41015625
0.55859375;0.10546875;0.57421875;0.13671875;0.62109375;0.19140625;0.08203125;0.125;0.296875;0.26171875;0.359375;0.140625;0.8046875;0.1796875;0.12890625;0.23046875
0.6171875;0.1875;0.453125;0.68359375;0.0859375;0.57421875;0.31640625;0.83984375;0.0390625;0.22265625;0.1171875;0.90625;0.4375;0.1953125;0;0.33984375
0.1640625;0.1171875;0.12109375;0.08203125;0.0859375;0.43359375;0.58203125;0.25;0.29296875;0.27734375;0.234375;0.0234375;0.16796875;0.0546875;0.41796875;0.22265625
0.453125;0.83984375;0.0078125;0.12890625;0.5;0.625;0.32421875;0.015625;0.0078125;0.17578125;0.30859375;0.3203125;0.078125;0.359375;0.125;0.16015625
0.21484375;0.26171875;0.1015625;0.265625;0.68359375;0.671875;0.5;0.38671875;0.80078125;0.69921875;0.5390625;0.39453125;0.44921875;0.33203125;0.484375;0.41015625
0.2421875;0.13671875;0.7734375;0.5703125;0.16015625;0.01171875;0.63671875;0.43359375;0.1015625;0.25390625;0.26171875;0.15625;0.09375;0.078125;0.51171875;0.3359375
0.296875;0.2734375;0.4765625;0.3046875;0.52734375;0.0625;0.43359375;0.35546875;0.94921875;0.01953125;0.69140625;0.48828125;0.66796875;0.1171875;0.72265625;0.4609375
1.00390625;0.36328125;0.2421875;0.1640625;1.05859375;0.64453125;0.33203125;0.00390625;0.9140625;0.15625;0.1796875;0.296875;0.6875;0.28515625;0.59765625;0.234375
0.015625;0.0546875;0.328125;0.1171875;0.296875;0.6015625;0.71484375;1.2109375;0.23828125;0.30859375;0.29296875;0.57421875;0.01171875;0.21875;0.1875;0.19921875
0.16015625;0.140625;0.26953125;0.32421875;0.1640625;0.09375;0.109375;0.66015625;0.02734375;0.10546875;0.0390625;0.1953125;0.45703125;0.0234375;0.01171875;0.20703125
0.46484375;0.078125;0.01171875;0.71484375;0.40625;0.01953125;0.03125;0.5703125;0.58203125;0.046875;0.6171875;0.72265625;0.6953125;0.15234375;0.47265625;0.875
0.3671875;0.17578125;0.48046875;0.078125;0.33203125;0.19140625;0.7109375;0.0859375;0.046875;0.0078125;0.67578125;0.2734375;0.29296875;0.10546875;0.7109375;0.1171875
1.50390625;0.375;0.5859375;0.62109375;1.9609375;0.2578125;0.2578125;0.078125;1.6796875;0.09375;0.8671875;0.34375;1.40234375;0.16796875;0.04296875;0.0234375
0.26171875;0.55859375;0.05078125;0.0390625;0.65625;0.0234375;0.0078125;0.01953125;0.265625;0.2421875;0.265625;0.11328125;0.41015625;0.4765625;0.05078125;0.05859375
0.03125;0.4921875;0.13671875;0.078125;0.734375;0.49609375;0.0078125;0.1953125;0.890625;0.375;0.046875;0.22265625;0.1796875;0.6640625;0.11328125;0.34375
0.13671875;0.02734375;0.171875;0.2421875;0.59375;0.30078125;0.23046875;0.3515625;0.86328125;0.22265625;0.53515625;0.0703125;0.21484375;0.33984375;0.4453125;0.3828125
0.2421875;0.90234375;0.15625;0.62109375;0.16015625;0.12890625;0.09375;0.328125;0.171875;0.21875;0.19921875;0.0078125;0.23828125;0.44140625;0.1171875;0.42578125
0.29296875;0.15625;1.00390625;0.0234375;0.36328125;0.2265625;0.125;0.18359375;0.44140625;0.328125;0.32421875;0.0546875;0.34375;0.328125;0.5390625;0.1328125
0.46875;0.20703125;0.0859375;0.57421875;0.671875;0.03125;0.2109375;0.54296875;0.69140625;0.01171875;0.24609375;0.0703125;1.10546875;0.125;0.0390625;0.80859375
0.06640625;1.4609375;1.1640625;0.15234375;0.30078125;1.02734375;1.21484375;0.078125;0.54296875;0.05859375;0.31640625;0.12109375;0.16796875;0.546875;0.31640625;0.125
0.34765625;0.07421875;0.42578125;0.109375;0.8984375;0.34375;0.703125;0.26953125;1;0.48828125;0.82421875;0.29296875;0.578125;0.13671875;0.4375;0.12890625
0.33203125;0.046875;0.1796875;0.22265625;0.05859375;0.2890625;0.40234375;0.21484375;0.0859375;0.1171875;0.12109375;0.171875;0.07421875;0.20703125;0.296875;0.21875
0.22265625;0.30078125;0.30859375;0.5546875;0.421875;0.26171875;0.3828125;0.01171875;0.0546875;0.35546875;0.7265625;0.13671875;0.703125;0.48828125;0.86328125;0.63671875
0.2890625;0.42578125;0.3046875;0.16796875;0.421875;0.35546875;0.484375;0.08984375;0.15234375;0.4453125;0.04296875;0.13671875;0.0078125;0.39453125;0.55078125;0.171875
0.66796875;0.140625;0.859375;0.39453125;0.140625;0.18359375;0.96484375;0.55859375;0.28125;0.140625;0.4921875;0.51171875;0.1015625;0.078125;0.69921875;0.3046875
0.3359375;0.0703125;0.671875;0;0.84765625;0.18359375;0.86328125;0.18359375;0.07421875;0.18359375;0.0390625;0.0625;0.109375;0.15625;0.1015625;0.1015625
0.97265625;0.16796875;0.08984375;0.2890625;0.51171875;0.01171875;0.140625;0.16796875;1.11328125;0.2578125;0.078125;0.703125;1.25;0.4375;0.05859375;0.88671875
0.015625;0.59375;0.38671875;0.30859375;0.2421875;1.33984375;0.82421875;0.296875;0.35546875;0.42578125;0.5703125;0.3046875;0.21484375;1.13671875;0.71875;0.28125
0.44921875;0.265625;0.6953125;0.1171875;0.046875;0.03125;0.5390625;0.42578125;0.5234375;0.29296875;0.52734375;0.08984375;0.0703125;0.3515625;0.47265625;0.34375
0.3984375;0.71484375;0.625;0.39453125;0.17578125;0.58984375;0.03515625;0.3359375;0.22265625;0.109375;0.234375;0.84765625;0.3671875;0.66796875;0.67578125;0.12109375
0.796875;0.375;0.30078125;0.37109375;0.55078125;0.359375;0.59375;0.08203125;0.5703125;0.359375;0.5703125;0.1171875;1.1171875;0.734375;0.36328125;0.25390625
0.44921875;0.2734375;0.21484375;0.05859375;0.73046875;0.328125;0.98046875;0.16796875;1.36328125;0.5078125;1.21484375;0.5859375;1.05078125;0.2109375;0.53515625;0.3984375
0.1640625;0.3203125;0.3515625;0.22265625;0.390625;0.19921875;0.29296875;0.4609375;0.34765625;0.125;0.2421875;0.49609375;0.375;0.24609375;0.47265625;0.51171875
0.62109375;0.109375;0.5;1.00390625;0.140625;0.4609375;0.05078125;0.66796875;0.515625;0.3984375;0.03125;0.9375;0.49609375;0.09765625;0.0703125;0.40625
0.24609375;0.25;0.21875;0.140625;0.30859375;0.15625;0.359375;0.08984375;0.1484375;0.37109375;0.390625;0.25;0.35546875;0.484375;0.58984375;0.1640625
0.71875;0.4140625;0.31640625;0.8359375;0.51171875;0.30859375;0.24609375;0.3828125;0.19921875;0.15625;0.328125;0.0234375;0.33203125;0.03515625;0.01171875;0.34765625
0.15234375;0.04296875;0.046875;0.49609375;0.1171875;0.0625;0.125;1.07421875;0.14453125;0.16015625;0.05859375;1.2265625;0.015625;0.109375;0.19921875;0.5234375
0.1171875;0.20703125;0.09375;0.16796875;0.30078125;0.44921875;0.6015625;0.015625;0.2578125;0.03125;0.03125;0.05859375;0.3203125;0.37109375;0.4296875;0.02734375
0.7578125;1.1484375;1.17578125;0.734375;0.58984375;0.80859375;0.8359375;0.88671875;0.66796875;1.27734375;0.66796875;1.328125;0.38671875;1.30078125;0.625;1.50390625
0.08984375;0.34765625;0.40625;0.078125;0.33203125;0.3515625;0.5390625;0.3359375;0.06640625;0.41015625;0.2421875;0.109375;0.12890625;0.62109375;0.0703125;0.21484375
0.3671875;0.3671875;0.47265625;0.6953125;0.04296875;0.1875;0.09765625;0.40234375;0.12109375;0.109375;0.33984375;0.2421875;0.76171875;0.30859375;0.05078125;0.77734375
0.14453125;0.70703125;0.06640625;0.28515625;0.234375;0.5859375;0.12890625;0.04296875;0.0078125;0.09375;0.09375;0.05859375;0.5234375;0.484375;0.22265625;0.2421875
0.05078125;0.02734375;0.0625;0.6015625;0.12109375;0.0390625;0.1015625;0.42578125;0.1171875;0.078125;0.21875;0.84375;0.0546875;0.13671875;0.19921875;1.08203125
0.2421875;0.35546875;0.0078125;0.21484375;0.140625;0.77734375;0.42578125;0.60546875;0.03515625;0.37890625;0.55859375;0.33984375;0.04296875;0.7265625;0.359375;0.5234375
0.14453125;0.8515625;0.48046875;0.140625;0.046875;1.34375;1.21875;0.10546875;0.09375;0.72265625;0.56640625;0.00390625;0.25390625;1.078125;0.8515625;0.36328125
0.44140625;0.6640625;0.28125;0.3671875;0.63671875;0.875;0.01171875;0.21484375;0.8984375;0.15234375;0.1015625;0.30078125;0.55078125;0.80078125;0.3359375;0.3203125
0.45703125;0.29296875;1.109375;0.10546875;0.6953125;0.2109375;0.37109375;0.0546875;0.6640625;0.30859375;0.23046875;0.0390625;0.26953125;0.66796875;1.4453125;0.03515625
0.1484375;0.2109375;0.37109375;0.1640625;0.296875;0.5234375;1.07421875;0.6484375;0.17578125;1.15625;1.6640625;0.46484375;0.49609375;0.5703125;0.46484375;0.20703125
0.09375;0.4765625;0.2890625;0.53125;0.01171875;0.38671875;0.25390625;0.00390625;0.0234375;0.36328125;0.50390625;0.21875;0.015625;0.45703125;0.2578125;0.1171875
0.19921875;0.12109375;0.52734375;0.12109375;0.390625;0.6640625;0.80078125;0.55078125;0.328125;0.5;1.0234375;0.40625;0.12890625;0.16015625;0.4609375;0.05078125
0.0390625;0.11328125;0.00390625;0.30859375;0.1953125;0.421875;0.20703125;0.515625;0.296875;0.37109375;0.16796875;0.48828125;0.3828125;0.42578125;0.05078125;0.8359375
0.4453125;0.79296875;0.12109375;0.55078125;0.06640625;0.89453125;0.09765625;0.578125;0.31640625;0.16796875;0.12109375;0.125;0.01953125;0.34765625;0.04296875;0.09375
0.05859375;0.00390625;0.125;0.05078125;0.6640625;0.1015625;0.5234375;0.23828125;0.7734375;0.12109375;0.5859375;0.3359375;0.2265625;0.0546875;0.1640625;0.05078125
0.81640625;0.07421875;0.4296875;0.1484375;0.921875;0.09765625;0.328125;0.01171875;0.19921875;0.16015625;0.0078125;0.26171875;0.625;0.1171875;0.1953125;0.12109375
0.6015625;0.9140625;1.19140625;0.34765625;0.82421875;0.33203125;0.26171875;0.484375;0.64453125;0.95703125;0.19140625;0.83203125;0.60546875;0.33203125;0.21875;1.171875
0.203125;0.25;0.1640625;0.125;0.28515625;0.12109375;0.3125;0.04296875;0.328125;0.359375;0.0234375;0.33203125;1.0703125;0.56640625;0.3828125;0.60546875
0.11328125;0.2265625;0.14453125;0.484375;0.6796875;0.23828125;0.19921875;0.2265625;0.29296875;0.13671875;0.40234375;0.1796875;0.26953125;0.4765625;0.67578125;0.625
0.265625;0.31640625;0.046875;0.203125;0.546875;0.875;0.08984375;0.34765625;0.0234375;0.0078125;0.1484375;0.12890625;0.30859375;0.22265625;0.26953125;0.328125
0.18359375;0.36328125;1.48828125;1.12109375;0.02734375;0.5703125;1.03125;1.02734375;0.34765625;0.50390625;2.13671875;1.5078125;0.48828125;0.76171875;2.296875;1.625
0.16796875;0.01171875;0.11328125;0.05078125;0.04296875;0.1875;0.28515625;0.51953125;0.41015625;0.0625;0.171875;0.48046875;0.09375;0.12109375;0.1484375;0.4609375
0.90234375;0.08203125;0.98046875;0.23828125;0.63671875;0.875;0.7109375;0.11328125;0.84765625;0.30859375;0.5625;0.66796875;0.43359375;0.51953125;0.875;0.44921875
0.28125;0.46875;0.27734375;0.4609375;0.29296875;0.08203125;0.41015625;0.0546875;0.08203125;0.31640625;0.13671875;0.29296875;0.3046875;0.3125;0.30859375;0.61328125
0.48046875;0.0625;0.6484375;0.60546875;0.5;0.1484375;0.75;0.40625;0.3984375;0.1640625;0.76953125;0.375;0.19921875;0.078125;0.62890625;0.50390625
0.33984375;0.16015625;0.09765625;0.03125;0.7265625;0.0859375;0.21484375;0.203125;1.43359375;0.01171875;0.34765625;0.10546875;0.75;0.2421875;0.0859375;0.16015625
0.85546875;0.4765625;0.15625;0.51953125;0.20703125;0.390625;0.375;0.3046875;0.39453125;0.390625;0.015625;0.41796875;0.109375;0.453125;0.69921875;0.42578125
0.02734375;1.0234375;0.02734375;0.05078125;0.30859375;0.84765625;0.3125;0.48046875;0.37890625;1.04296875;0.25390625;0.40625;0.10546875;0.57421875;0.0546875;0.03125
0.109375;0.01171875;0.2265625;0.265625;0.171875;0.31640625;0.02734375;0.48046875;0.28125;0.140625;0.3046875;0.578125;0.23828125;0.37109375;0.5078125;0.81640625
1.23828125;1.0234375;0.328125;0.0703125;1.12890625;0.7734375;0.0546875;0.39453125;0.3125;0.10546875;0.1015625;0.6640625;0.50390625;0.25;0.171875;0.1875
0.13671875;0.0078125;0.0625;0.16796875;0.51953125;0.22265625;0.203125;0.30078125;0.55078125;0.34765625;0.26953125;0.29296875;0.42578125;0.19140625;0.11328125;0.125
0.11328125;0.01953125;0.0625;0.6484375;0.296875;0.390625;0.44921875;0.3125;0.1015625;0.25;0.03125;0.15625;0.17578125;0.36328125;0.296875;0.23828125
0.30078125;0.859375;0.375;0.9921875;0.30859375;0.48046875;0.27734375;0.03125;0.39453125;0.6171875;0.12109375;0.74609375;0.0546875;1.3359375;0.33203125;0.80859375
0.0234375;0.671875;1.5703125;0.75390625;0.03125;0.7421875;1.125;0.671875;0.109375;0.6796875;0.73828125;0.2265625;0.19140625;0.53515625;1.44140625;0.9140625
0.0234375;0.25390625;0.03125;0.12890625;0.15625;0.30859375;0.34765625;0.4375;0.17578125;0.296875;0.36328125;0.44921875;0.19921875;0.49609375;0.1640625;0.1328125
0.55859375;0.14453125;0.16796875;0.73828125;0.265625;0.515625;0.73828125;0.8515625;0.64453125;0.66796875;0.71875;0.48046875;0.3671875;0.29296875;0.43359375;0.546875
0.8125;0.33203125;0.890625;0.05859375;0.1328125;0.1484375;0.44921875;0.07421875;0.11328125;0.05859375;0.51953125;0.25;0.7109375;0.16796875;0.83203125;0.0859375
0.30078125;0.7890625;0.36328125;0.40234375;0.578125;0.4453125;0.11328125;0.5234375;0.71484375;0.48046875;0.31640625;0.18359375;0.6328125;0.72265625;0.0546875;0.65625
0.23828125;0.390625;0.41796875;0.703125;0.16796875;0.4140625;0.1796875;0.8203125;0.56640625;0.51171875;0.5078125;0.62109375;0.23828125;0.21484375;0.59375;0.44140625
0.13671875;0.07421875;0.51953125;0.67578125;0.078125;0.125;0.2421875;0.29296875;0.0390625;0.01171875;0.57421875;0.83203125;0.12109375;0.1171875;0.26171875;0.33984375
0.9609375;0.34375;1.0859375;0.07421875;0.62109375;0.46484375;0.953125;0.0703125;0.671875;0.0859375;0.7265625;0.578125;0.4921875;0.171875;1.02734375;0.30078125
0.36328125;0.17578125;0.45703125;0.1875;0.39453125;0.13671875;0.26953125;0.23828125;0.21875;0.0390625;0.4296875;0.02734375;0.4296875;0.125;0.65625;0.109375
0.70703125;0.7265625;0.19140625;0.203125;0.18359375;0.25390625;0.3671875;0.4453125;0.37109375;0.4609375;0.171875;0.640625;0.203125;0.234375;0.23046875;0.48828125
0.42578125;0.14453125;0.0234375;0.5078125;0.38671875;0.0078125;0.05078125;0.3046875;0.3046875;0.46484375;0.1328125;0.03515625;0.421875;0.0859375;0;0.26171875
1.07421875;0.1484375;0.109375;1.40625;0.3203125;0.08984375;0.359375;0.45703125;0.42578125;0.0234375;0.0703125;0.69921875;0.8984375;0.34765625;0.1953125;0.6484375
0.24609375;0.421875;0.26171875;0.61328125;0.20703125;0.3203125;0.19140625;0.578125;0.26171875;0.14453125;0.12890625;0.75;0.21484375;0.13671875;0.03125;0.4296875
0.2578125;0.08984375;0.296875;0.45703125;0.30078125;1.01953125;0.4375;0.6484375;0.18359375;0.23828125;0.3046875;0.234375;0.08203125;0.046875;0;0.64453125
0.68359375;0.28515625;0.1171875;0.33203125;0.296875;0.31640625;0.0078125;0.5625;0.32421875;0.04296875;0.26171875;0.1796875;0.60546875;0.2265625;0.0859375;0.83984375
0.4453125;0.81640625;0.45703125;0.8828125;0.34765625;0.55859375;0.37109375;0.65625;0.3359375;0.8359375;0.41015625;0.75390625;0.56640625;0.88671875;0.421875;1.0625
0.421875;0.71875;0.671875;0.1796875;0.23828125;0.4609375;0.20703125;0.1328125;0.27734375;0.0859375;0.078125;0.06640625;0.34765625;0.8359375;0.63671875;0.16015625
0.046875;0.078125;0.21875;0.35546875;0.3125;0.578125;0.57421875;0.2265625;0.39453125;0.62890625;0.609375;0.30078125;0.12109375;0.3828125;0.546875;0.52734375
0.48046875;0.5859375;0.16796875;0.16015625;0.5078125;0.72265625;0.0078125;0.0234375;0.3984375;0.8203125;0.28515625;0.22265625;0.40625;0.640625;0.0703125;0.04296875
0.125;0.37890625;0.14453125;0.10546875;0.5;0.25;0.07421875;0.17578125;0.8671875;0.078125;0.0390625;0.2578125;0.25390625;0.078125;0.03515625;0.203125
0.6953125;0.66796875;0.15625;0.00390625;0.51953125;0.45703125;0.47265625;0.03515625;0.51171875;0.03515625;0.0390625;0.32421875;0.75390625;0.75390625;0.51953125;0.16015625
0.33203125;0.296875;0.41796875;0.15234375;0.4921875;0.28515625;0.3828125;0.34375;0.41796875;0.140625;0.40625;0.16015625;0.046875;0.01171875;0.3671875;0.07421875
0.47265625;0.23828125;0.7265625;0.03125;0.53515625;0.66015625;0.48828125;0.26171875;0.640625;0.16796875;0.80859375;0.33203125;0.03125;0.05078125;0.2734375;0.109375
0.0078125;0.046875;0.55859375;0.6796875;0.015625;0.546875;0.16796875;0.734375;0.6484375;0.30859375;0.2578125;0.7890625;0.125;0.21875;0.640625;0.47265625
0.20703125;0.0859375;0.32421875;0.23046875;0.15234375;0.0546875;0.84375;0.37109375;0.1484375;0.390625;0.36328125;0.0234375;0.17578125;0.1796875;0.2421875;0.08203125
0.234375;0.23046875;0.1640625;0.6015625;0.4765625;0.55078125;0.16015625;0.6171875;0.84765625;1.0078125;0.14453125;0.32421875;0.26953125;0.09765625;0.1796875;0.703125
0.62109375;0.79296875;0.0390625;0.02734375;0.140625;0.3515625;0.23828125;0.2109375;1.09765625;1.0234375;0.53125;0.1328125;0.13671875;0.25390625;0.12109375;0.109375
0.296875;0.00390625;0.04296875;0.38671875;0.43359375;0.41015625;0.05859375;0.05078125;0.0390625;0.3046875;0.25;0.2109375;0.1953125;0.1796875;0.21484375;0.5
0.609375;0.30078125;0.98046875;0.4921875;0.56640625;0.1484375;0.72265625;0.34375;0.5546875;0.25390625;0.3359375;0.65234375;0.26953125;0.14453125;0.3828125;0.25
0.0078125;0.36328125;0.078125;0.40234375;0.5;0.30078125;0.26171875;0.45703125;0.26953125;0.12890625;0.1171875;0.53515625;0.1171875;0.44140625;0.01171875;0.54296875
0.203125;0.20703125;0.203125;0.1640625;0.15625;0.34765625;0.23828125;0.15625;0.03515625;0.32421875;0.609375;0.34375;0.15234375;0.1953125;0.2109375;0.109375
0.25;0.3515625;0.12109375;0.47265625;0.2734375;0.0859375;0.19140625;0.1484375;0.17578125;0.59765625;0.39453125;1.11328125;0.21484375;0.67578125;0.0546875;0.84375
0.66015625;0.59765625;0.05859375;0.64453125;0.46484375;0.63671875;0.015625;0.37109375;0.25390625;0.4765625;0.05078125;0.4453125;0.98046875;0.37890625;0.1171875;0.44921875
0.19140625;0.20703125;0.3515625;0.03515625;0.17578125;0.40625;0.375;0.30859375;0.2265625;0.41796875;0.39453125;0.37109375;0.43359375;0.22265625;0.640625;0.05078125
0.83203125;0.14453125;0.1796875;0.0703125;0.6015625;0.19140625;0.44140625;0.30078125;0.76171875;0.07421875;0.1796875;0.44921875;0.6171875;0.13671875;0.23828125;0.1796875
0.73828125;0.6875;0.375;0.96484375;0.42578125;0.12109375;0.3515625;0.5234375;0.31640625;0.2421875;0.38671875;0.4765625;0.20703125;0.05078125;0.359375;1.19921875
0.84765625;0.14453125;0.35546875;0.4375;0.7421875;0.109375;0.54296875;0.2421875;0.72265625;0.3046875;0.2265625;0.0703125;0.91015625;0.11328125;0.6015625;0.4375
0.44921875;0.82421875;0;0.28125;0.2578125;0.9375;0.1171875;0.1953125;0.4921875;0.94921875;0.21875;0.25;0.53125;0.4296875;0.0859375;0.29296875
0.578125;0.1796875;0.19921875;0.3046875;0.26953125;0.8359375;0.43359375;0.4375;0.75;0.44140625;0.11328125;0.41796875;0.10546875;0.12109375;0.0625;0.0390625
0.1640625;0.83984375;0.07421875;0.046875;0.59375;0.73046875;0.359375;0.13671875;0.75390625;0.53125;0.50390625;0.1484375;0.87109375;0.5078125;0.06640625;0.234375
0.07421875;0.13671875;0.7890625;0.43359375;0.2890625;0.1328125;0.80078125;0.97265625;0.3515625;0.8671875;0.3203125;0.6328125;0.296875;0.48046875;0.7265625;0.640625
0.37890625;0.03515625;0.359375;0.2578125;0.1484375;0.23828125;0.375;0.03125;0.0625;0.08984375;0.10546875;0.12890625;0.03515625;0.09765625;0.21875;0.0546875
0.328125;1.65234375;0.87890625;0.20703125;0.50390625;0.6875;0.06640625;0.3125;0.2265625;1.69140625;0.921875;0.23046875;0.11328125;0.49609375;0.04296875;0.12890625
0.0234375;0.703125;1.16015625;0.28125;0.0234375;0.62890625;0.0546875;0.328125;0.125;0.09765625;0.61328125;0.28515625;0;0.546875;0.90625;0.06640625
0.11328125;0.91015625;0.0703125;0.08984375;0.0546875;0.78515625;0.0078125;0.01171875;0.55859375;0.8671875;0.53515625;0.69140625;0.19921875;0.60546875;0.04296875;0.19921875
0.17578125;0.28125;0.671875;0.2109375;0.4140625;0.81640625;0.55859375;0.03125;0.26171875;0.25390625;0.0703125;0.12109375;0.26171875;0.1875;0.41796875;0.03515625
0.3203125;0.4609375;0.046875;0.59765625;0.44140625;0.24609375;0.265625;0.6171875;0.56640625;0.125;0.17578125;0.53515625;0.5234375;0.328125;0.078125;0.6875
0.515625;0.20703125;0.17578125;0.59375;0.375;0.09375;0.17578125;0.234375;0.51171875;0.43359375;0.3828125;0.9375;0.55078125;0.5390625;0.125;0.98828125
1.37890625;0.5859375;0.23046875;0.4140625;0.87109375;0.5546875;0.15234375;0.19921875;0.44921875;0.27734375;0.03125;0.3203125;1.328125;0.609375;0.515625;0.31640625
0.1015625;0.1953125;0.265625;0.3359375;0.15625;0.0859375;0.4296875;0.3828125;0.2265625;0.02734375;0.54296875;0.49609375;0.03515625;0.109375;0.07421875;0.5078125
0.25390625;0.3359375;0.0625;0.1875;0.09375;0.28515625;0.125;0.25;0.1015625;0.2421875;0.46484375;0.66796875;0.0390625;0.05859375;0.2734375;0.23046875
0.0546875;0.37109375;0.0859375;0.11328125;0.0546875;0.046875;0.0390625;0.0390625;0.46875;0.078125;0.46484375;0.21875;0.4453125;0.09765625;0.078125;0.1796875
0.60546875;0.12109375;0.27734375;0.0703125;0.20703125;0.390625;0.203125;0.14453125;0.328125;0.2421875;0.71875;0.76171875;0.4609375;0.359375;0.22265625;0.21875
0.09375;0.328125;0.4296875;0.7109375;0.0234375;0.10546875;0.3984375;0.57421875;0.04296875;0.75390625;1.05078125;0.69140625;0.1796875;0.47265625;0.671875;0.71484375
0.79296875;0.05859375;0.29296875;0.78125;0.46875;0.3203125;0.53125;0.24609375;0.85546875;0.17578125;0.5625;0.90234375;0.140625;0.125;0.015625;0.3046875
0.578125;0.171875;0.203125;0.140625;0.4140625;0.08203125;0.125;0.1484375;1.1328125;0.2265625;0.3828125;0.1328125;0.078125;0.26171875;0.10546875;0.046875
0.48828125;0.32421875;0.05859375;0.45703125;0.421875;0.11328125;0.54296875;0.74609375;0.125;0.1484375;0.015625;0.75390625;0.5078125;0.2734375;0.21875;0.6328125
0.59765625;0.15625;0.05859375;0.05859375;0.30859375;0.3125;0.55078125;0.26171875;0.38671875;0.18359375;0.63671875;0.046875;0.9140625;0.1640625;0.03125;0.2578125
0.23828125;0.65234375;0.3203125;1.01953125;0.484375;0.1171875;0.046875;0.32421875;0.05078125;0.37890625;0.37109375;0.6484375;0.171875;0.08984375;0.046875;0.10546875
0.33984375;0.0390625;0.28125;0.29296875;0.03125;0.19140625;0.5703125;0.171875;0.28515625;0.24609375;0.06640625;0.390625;0.42578125;0.328125;0.0625;0.0546875
0.5859375;0.46484375;0.71875;0.19921875;0.375;0.265625;0.6015625;0.13671875;0.03125;0.39453125;0.0546875;0.5390625;0.03515625;0.15625;0.36328125;0.109375
0.6640625;0.25390625;0.6953125;0.23046875;0.41796875;0.578125;0.1328125;0.3984375;0.03125;0.52734375;0.0859375;0.3671875;0.33203125;0.5078125;0.28515625;0.3359375
0.22265625;0.01171875;0.48828125;0.39453125;0.2265625;0.33203125;0.72265625;0.5;0.15625;0.38671875;0.8203125;0.46875;0.15625;0.48828125;0.69140625;0.4140625
0.52734375;0.14453125;0.46875;0.34375;0.234375;0.07421875;0.19921875;0.22265625;1.1015625;0.109375;0.578125;0.4765625;0.84765625;0.12890625;0.734375;0.45703125
1.859375;0.26171875;0.765625;0.60546875;1.23046875;0.296875;0.51953125;0.578125;0.6328125;0.04296875;0.30078125;0.1484375;1.71484375;0.2734375;0.50390625;0.72265625
0.0625;0.0703125;0.0078125;0.0859375;0.109375;0.0234375;0.578125;1.1171875;0.07421875;0.08984375;0.5625;1.08203125;0.12890625;0.234375;0.00390625;0.28515625
0.34375;0.125;0.265625;0.2265625;0.01171875;0.30859375;0.2109375;0.23046875;0.38671875;0.2734375;0.125;0.39453125;0.08984375;0.1796875;0.1015625;0.109375
0.6328125;0.1484375;0.19921875;0.875;0.3046875;0.15234375;0.28515625;0.38671875;0.4453125;0.43359375;0.01171875;0.5546875;0.45703125;0.15625;0.484375;0.875
0.08984375;0.3203125;0.5390625;0.04296875;0;0.125;0.60546875;0.1875;0.95703125;0.46484375;0.79296875;0.3984375;0.2109375;0.0390625;0.6875;0.06640625
1.484375;0.3828125;0.359375;0.203125;1.38671875;0.38671875;0.4375;0.1875;1.71484375;0.05078125;0.203125;0.34765625;1.42578125;0.0625;0.390625;0.06640625
0.37890625;0.34765625;0.359375;0.12109375;0.44921875;0.30078125;0.28125;0.00390625;0.4609375;0.0078125;0.2421875;0.21484375;0.15625;0.15625;0.19921875;0.04296875
0.7421875;0.2734375;0.125;0.09375;0.4140625;0.54296875;0.37109375;0.41015625;0.4609375;1.13671875;0;0.19921875;0.05859375;0.66015625;0.24609375;0.0703125
0.34765625;0.1484375;0.328125;0.04296875;0.7265625;0.5703125;0.12890625;0.2734375;0.29296875;0.37890625;0.046875;0.37890625;0.39453125;0.21875;0.3984375;0.19921875
0.125;0.0703125;0.34375;0.1796875;0.0859375;0.33984375;0.26953125;0.0546875;0.1328125;0.87109375;0.05078125;0.22265625;0.296875;0.21875;0.1171875;0.39453125
0.52734375;0.32421875;0.32421875;0.328125;0.3125;0.28125;0.55859375;0.05859375;0.26171875;0.13671875;0.2734375;0.03515625;0.25;0.23046875;0.16015625;0.109375
1.3671875;0.01171875;0.28515625;0.8046875;0.87890625;0.265625;0.18359375;0.87109375;0.8359375;0.0546875;0;0.96484375;0.6796875;0.0625;0.3125;0.046875
0.328125;0.62890625;1.390625;0.09765625;0.34765625;0.31640625;0.91796875;0.1171875;0.63671875;0.44921875;0.4296875;0.109375;0.33984375;0.08203125;0.27734375;0.01171875
0.72265625;0.2578125;0.4765625;0.19140625;0.65234375;0.1875;0.765625;0.1796875;0.2265625;0.25390625;0.2890625;0.10546875;0.515625;0.0078125;0.36328125;0.19921875
0.16796875;0.1796875;0.01171875;0.25;0.59765625;0.40234375;0.1484375;0.24609375;0.57421875;0.01953125;0.171875;0.2734375;0.765625;0.54296875;0.2578125;0.28515625
0.34765625;0.29296875;0.41015625;0.390625;0.40234375;0.25;0.23828125;0.39453125;0.7578125;0.2421875;0.54296875;0.41796875;0.2578125;0.37109375;0.67578125;0.17578125
0.22265625;1.06640625;0.19140625;0.359375;0.13671875;0.79296875;0.21875;0.1640625;0.01171875;0.3046875;0.43359375;0.0390625;0.24609375;1.00390625;0.05078125;0.4140625
0.12890625;0.12890625;0.234375;0.2109375;0.24609375;0.0078125;0.69140625;0.1640625;0.1875;0.05859375;0.69921875;0.15625;0.17578125;0.05078125;0.72265625;0.51171875
0.22265625;0.140625;0.5703125;0.0703125;0.52734375;0.1875;0.23828125;0.109375;0.6328125;0.2109375;0.37890625;0.296875;0.34375;0.09375;0.3203125;0.1640625
1.15234375;0.3984375;0.0703125;0.70703125;0.7734375;0.17578125;0.16015625;0.3671875;1.06640625;0.515625;0.58984375;0.734375;1.16015625;0.22265625;0.00390625;0.1640625
0.3203125;0.9609375;0.52734375;0.078125;0.1953125;0.3359375;0.46875;0.19140625;0.05859375;0.65625;0.8359375;0.3046875;0.21484375;0.66015625;0.56640625;0.16015625
0.0703125;0.14453125;0.34375;0.27734375;0.12109375;0.39453125;0.2578125;0.2265625;0.046875;0.3203125;0.63671875;0.35546875;0.2265625;0.1796875;0.5;0.1953125
0.1015625;0.19140625;0.20703125;1.07421875;0.44921875;0.85546875;0.09375;0.14453125;0.30078125;0.15625;0.42578125;0.890625;0.1640625;0.0234375;0.203125;0.4140625
0.72265625;0.45703125;0.4609375;0.02734375;0.12890625;0.10546875;0.48828125;0.1015625;0.3828125;0.39453125;0.91015625;0.34375;0.54296875;0.19140625;0.3671875;0.28515625
0.4453125;0.40234375;0.58984375;0.07421875;0.78515625;0.4140625;0.7265625;0.109375;0.26953125;0.5703125;0.05078125;0.05859375;0.51953125;0.546875;0.45703125;0.15625
0.046875;0.0234375;0.47265625;0.515625;0.51953125;0.171875;0.19921875;0.609375;0.17578125;0.0703125;0.4765625;0.203125;0.375;0.18359375;0.2890625;0.51953125
0.234375;0.4296875;0.16015625;0.4375;0.41796875;0.09375;0.0859375;0.3046875;0.15625;0.37890625;0.27734375;0.7890625;0.078125;0.1640625;0;0.0078125
0.3359375;0.71875;0.60546875;0.3046875;0.3984375;0.23046875;0.59765625;0.0234375;0.30078125;0.5625;0.09375;0.078125;0.09765625;0.46875;0.25390625;0.19140625
0.13671875;0.6015625;0.24609375;0.0859375;0.08203125;0.3125;0.0859375;0.15625;0.58203125;0.28515625;0.33203125;0.4296875;0.08203125;0.0078125;0.1640625;0.0234375
0.171875;0.03515625;0.09765625;0.62890625;0.12109375;0.171875;0;1.0078125;0.2421875;0.15625;0.2109375;0.53515625;0.02734375;0.140625;0.25390625;0.63671875
0.43359375;0.3125;0.1796875;0.11328125;0.23828125;0.3203125;0.2109375;0.203125;0.234375;0.0390625;0.1953125;0.078125;0.39453125;0.23828125;0.26953125;0.12890625
0.71875;1.1015625;0.88671875;0.77734375;0.421875;0.734375;0.63671875;0.296875;0.90234375;1.19921875;0.63671875;1;0.82421875;1.4765625;0.9609375;1.28515625
0.1171875;0.71484375;0.44921875;0.47265625;0.0390625;0.63671875;0.19140625;0.15234375;0.0546875;0.41015625;0.08984375;0.41015625;0.1640625;0.65234375;0.37890625;0.21484375
0.24609375;0.21875;0.2421875;0.359375;0.55859375;0.23828125;0.19140625;0.65625;0.61328125;0.296875;0.3359375;0.73046875;0.203125;0.23046875;0.00390625;0.44140625
0.23046875;0.75;0.0390625;0.3671875;0.56640625;0.23046875;0.484375;0.06640625;0.2578125;0.109375;0.27734375;0.21875;0.3828125;0.23046875;0.32421875;0.07421875
0.109375;0.109375;0.1171875;0.96875;0.28515625;0;0.15625;0.33203125;0.10546875;0.140625;0.171875;0.66015625;0.04296875;0.046875;0.01171875;0.58984375
0.25390625;0.625;0.375;0.54296875;0.15625;0.33203125;0.3203125;0.28515625;0.3828125;0.3828125;0.31640625;0.08984375;0.08203125;0.5625;0.3828125;0.55078125
0.25390625;0.85546875;0.8515625;0.3359375;0.08203125;0.73046875;0.77734375;0.0859375;0.12890625;1.2421875;0.92578125;0.19140625;0.39453125;0.83203125;0.66796875;0.5078125
0.82421875;0.21484375;0.109375;0.28125;0.85546875;0.84375;0.11328125;0.14453125;1.20703125;0.71484375;0.1953125;0.24609375;0.390625;0.0546875;0.1328125;0.02734375
0.54296875;0.171875;0.3984375;0.01953125;0.796875;0.32421875;0.25390625;0.0703125;0.73046875;0.1015625;0.5703125;0.33984375;0.5546875;0.1953125;0.9375;0.015625
0.328125;0.46484375;0.81640625;0.46875;0.0546875;0.39453125;1.2109375;0.7578125;0.078125;0.21484375;0.7578125;0.48046875;0.30078125;0.578125;0.984375;0.4453125
0.08203125;0.52734375;0.703125;0.125;0.046875;0.359375;0.62890625;0.21875;0.12890625;0.30859375;0.01953125;0.46484375;0.05859375;0.5;0.26953125;0.05859375
0.234375;0.55859375;0.95703125;0.73046875;0.14453125;0.15234375;0.37109375;0.10546875;0.421875;0.54296875;0.59375;0.28515625;0.11328125;0.078125;0.1875;0.22265625
0.72265625;0.4921875;0.18359375;1.07421875;0.046875;0.37109375;0.08203125;0.60546875;0.6015625;0.19140625;0.015625;0.8046875;0.4453125;0.3046875;0.22265625;0.53125
0.10546875;1.0859375;0.171875;0.48046875;0.22265625;0.76953125;0.0625;0.328125;0.12890625;0.10546875;0.1484375;0.31640625;0.2578125;0.30078125;0.07421875;0.0234375
0.44921875;0.1640625;0.35546875;0.14453125;0.36328125;0.046875;0.31640625;0.21875;0.0078125;0.03515625;0.10546875;0.0625;0.30859375;0.08984375;0.30078125;0.02734375
0.3359375;0.0859375;0.15234375;0.4609375;0.34765625;0.05078125;0.3515625;0.59765625;0.75390625;0.015625;0.4921875;0.32421875;0.13671875;0.0234375;0.33984375;0.87890625
0.41796875;1.0703125;0.90625;0.38671875;0.09765625;0.73046875;0.81640625;0.125;0.4609375;1.640625;0.6953125;0.40625;0.62109375;1.28515625;0.75;0.7421875
0.66796875;1.02734375;0.05859375;0.5390625;0.83203125;0.6875;0.07421875;0.5625;0.56640625;0.515625;0.328125;0.53515625;0.51171875;0.796875;0.14453125;0.48828125
0.10546875;0.15625;0.16015625;0.28125;0.08203125;0.09375;0.14453125;0.51953125;0.046875;0.09765625;0.09375;0.578125;0.26171875;0.1484375;0.26171875;0.30859375
0.3203125;0.3125;0.11328125;0.04296875;0.62890625;0.88671875;0.27734375;0.19140625;0.33984375;0.6953125;0.11328125;0.16015625;0.3203125;0.51953125;0.15234375;0.0234375
0.40234375;0.73828125;1.9765625;1.46875;0.25;0.08984375;1.11328125;0.56640625;0.55078125;0.3671875;1.26953125;0.46875;0.17578125;0.26953125;1.30859375;0.953125
0.140625;0.140625;0.23828125;0.51953125;0.421875;0.1171875;0.26953125;0.27734375;0.15234375;0.05078125;0.24609375;0.125;0.46875;0.16015625;0.171875;0.453125
0.34375;0.57421875;0.50390625;0.0234375;0.37109375;0.6640625;0.20703125;0.26953125;0.71484375;0.53125;0.98046875;0.25390625;0.5;0.24609375;0.8828125;0.015625
0.03125;0.45703125;0.0390625;0.375;0.42578125;0.20703125;0.26953125;0.25390625;0.3125;0.33203125;0.0078125;0.5078125;0.0625;0.03125;0.03125;0.2265625
0.28515625;0.16015625;0.75390625;0.40234375;0.73828125;0.07421875;0.55078125;0.41796875;0.59765625;0.12109375;0.60546875;0.16796875;0.5703125;0.0625;0.5703125;0.49609375
0.50390625;0.0390625;0.0859375;0.04296875;0.875;0.078125;0.015625;0.109375;0.453125;0.19921875;0.2734375;0.22265625;0.671875;0.0390625;0.00390625;0.09375
0.44921875;0.515625;0.578125;0.8359375;0.39453125;0.5078125;0.22265625;0.3515625;0.66796875;0.33203125;0.25;0.07421875;0.1875;0.56640625;0.6640625;0.37890625
0.5;1.171875;0.18359375;0.56640625;0.09765625;0.5703125;0.0234375;0.03515625;0.11328125;0.65234375;0.25390625;0.30078125;0.01953125;0.16015625;0.140625;0.03125
0.15234375;0.46875;0.76171875;0.9140625;0.390625;0.37890625;0.2421875;0.76953125;0.34765625;0.453125;0.4609375;0.22265625;0.11328125;0.140625;0.38671875;0.4375
0.984375;0.75390625;0.0625;0.57421875;0.6484375;0.4140625;0.09765625;0.57421875;0.55859375;0.3046875;0.03515625;0.65234375;0.28125;0.09375;0.01953125;0.46875
0.58984375;0.09375;0.046875;0.3203125;0.19140625;0.34765625;0.109375;0.203125;0.046875;0.03125;0.0625;0.12109375;0.359375;0.0625;0.0234375;0.19921875
0.21484375;0.265625;0.05078125;0.3828125;0.03125;0.0234375;0.41796875;0.71875;0.05859375;0.15625;0.0078125;0.61328125;0.1015625;0.05859375;0.52734375;0.70703125
0.33984375;0.53125;0.38671875;1.0546875;0.05078125;0.84375;0.15625;1.32421875;0.38671875;0.66015625;0.3828125;0.3984375;0.62109375;0.54296875;0.4921875;0.58203125
0.03125;0.32421875;1.02734375;0.671875;0.14453125;0.69921875;0.671875;0.375;0.0625;0.33203125;1.09375;0.59765625;0.00390625;0.1015625;0.88671875;0.4296875
0.24609375;0.59375;0.203125;0.18359375;0.015625;0.23828125;0.03515625;0.125;0.171875;0.1796875;0.2578125;0.2890625;0.109375;0.21484375;0.09375;0.25
0.30859375;0.6171875;0.84765625;0.71875;0.2109375;0.41015625;0.62890625;0.9921875;0.0625;0.6484375;0.98828125;0.77734375;0.6015625;0.80078125;0.890625;0.734375
0.26171875;0.12890625;0.515625;0.0546875;0.44140625;0.43359375;0.58984375;0.12109375;0.078125;0.203125;0.30859375;0.00390625;0.671875;0.5078125;0.65625;0.0859375
0.37890625;0.41796875;0.01953125;0.33984375;0.33984375;0.3671875;0.02734375;0.28515625;0.421875;0.4609375;0.0546875;0.3984375;0.69921875;0.59375;0.14453125;0.51953125
0.38671875;0.33203125;0.5390625;0.53515625;0.0078125;0.1328125;0.3671875;0.46875;0.02734375;0.00390625;0.12890625;0.23828125;0.13671875;0.28515625;0.34375;0.625
0.015625;0.01953125;0.53515625;0.76953125;0.01171875;0.05859375;0.27734375;0.2890625;0.015625;0.1640625;0.28125;0.3203125;0.00390625;0.109375;0.48046875;0.2890625
0.61328125;0.45703125;1.0625;0.24609375;0.28515625;0.109375;0.86328125;0.4453125;0.59375;0.0390625;0.8046875;0.3984375;0.0390625;0.265625;0.19140625;0.1875
0.359375;0.0234375;0.140625;0.34375;0.453125;0.07421875;0.40234375;0.3828125;0.4609375;0.19921875;0.98046875;0.23046875;0.53125;0.203125;1.0703125;0.23046875
0.21875;0.15234375;0.20703125;0.27734375;0.12109375;0.0078125;0.0703125;0.765625;0.1015625;0.30859375;0.39453125;0.35546875;0.21484375;0.25390625;0.16015625;0.5078125
0.08984375;0.44140625;0.06640625;0.0546875;0.3203125;0.54296875;0.20703125;0.08203125;0.40625;0.3203125;0.1015625;0.21875;0.05078125;0.1796875;0.109375;0.09765625
0.578125;0.02734375;0.15234375;0.89453125;0.16796875;0.10546875;0.31640625;0.17578125;0.80078125;0.26171875;0.0625;0.8828125;0.26171875;0.02734375;0.03125;0.41015625
0.046875;0.3984375;0.234375;0.82421875;0.23046875;0.1015625;0.02734375;0.51171875;0.0703125;0.4375;0.27734375;0.87890625;0.0546875;0.46875;0.40625;0.8515625
0.3671875;0.3671875;0.2421875;0.15625;0.390625;0.640625;0.0703125;0.41796875;0.26953125;0.71875;0.18359375;0.22265625;0.203125;0.6328125;0.15234375;0.046875
0.19140625;0.11328125;0.2578125;0.04296875;0.69140625;0.04296875;0.02734375;0.69140625;0.734375;0.26171875;0.23828125;0.234375;0.3828125;0.15234375;0.3515625;0.01953125
0.09765625;0.76171875;0.578125;0.62109375;0.35546875;0.52734375;0.25390625;0.60546875;0.61328125;0.9296875;0.4765625;1.18359375;0.359375;0.9765625;0.546875;0.91015625
0.1796875;0.6796875;0.51953125;0.25;0.11328125;0.171875;0.09375;0.15234375;0.33984375;0.625;0.49609375;0.14453125;0.3359375;0.59375;0.5390625;0.1640625
0.35546875;0.3828125;0.87109375;0.703125;0.01953125;0.078125;0.234375;0.328125;0.04296875;0.40234375;0.171875;0.0859375;0.02734375;0.21875;0.46875;0.22265625
0.30859375;0.48828125;0.4453125;0.2890625;0.4765625;0.53125;0.1484375;0.109375;0.3984375;0.609375;0.078125;0.0078125;0.50390625;0.93359375;0.15625;0.1875
0.19140625;0.4609375;0.171875;0.1640625;0.15234375;0.05078125;0.05078125;0.03125;0.17578125;0.02734375;0.046875;0.12890625;0.375;0.3984375;0.15234375;0.17578125
0.453125;0.40625;0.3046875;0.125;0.33203125;0.234375;0.2265625;0.09765625;0.453125;0.26171875;0.2734375;0.04296875;0.63671875;0.40625;0.34765625;0.05859375
0.265625;0.11328125;0.44921875;0.21875;0.19921875;0.0078125;0.39453125;0.34765625;0.0703125;0.07421875;0.02734375;0.02734375;0.28515625;0.14453125;0.41015625;0.28515625
0.51953125;0.31640625;0.6875;0.453125;0.203125;0.5078125;0.3125;0.41796875;0.58984375;0.296875;0.77734375;0.10546875;0.8515625;0.1328125;0.72265625;0.04296875
0.11328125;0.3359375;0.42578125;0.5703125;0.07421875;0.05859375;0.70703125;0.21875;0.5390625;0.48828125;0.21875;0.7578125;0.39453125;0.015625;0.36328125;0.15234375
0.1171875;0.04296875;0.7890625;0.3203125;0.109375;0.09375;0.9140625;0.25;0.18359375;0.38671875;0.234375;0.0234375;0.1796875;0.3671875;0.18359375;0.05859375
0.5703125;0.875;0.5;0.296875;0.75;0.70703125;0.09375;0.734375;0.66796875;0.828125;0.28125;0.13671875;0.734375;0.8203125;0.203125;0.55859375
0.73828125;0.8671875;0.4921875;0.13671875;1.08203125;1;0.6796875;0.1484375;0.87890625;0.87890625;0.30859375;0.04296875;0.40234375;0.58203125;0.25390625;0.08984375
0.27734375;0.13671875;0.14453125;0.11328125;0.3125;0.25390625;0.05859375;0.00390625;0.34375;0.1875;0.109375;0.2890625;0;0.1875;0.234375;0.13671875
0.88671875;0.26171875;0.70703125;0.1171875;0.296875;0.1796875;0.32421875;0.3359375;0.96875;0.1796875;0.8515625;0.22265625;0.92578125;0.08203125;0.75390625;0.48828125
0.046875;0.2265625;0.00390625;0.328125;0.0625;0.2890625;0.046875;0.0625;0.33984375;0.02734375;0.18359375;0.47265625;0.23828125;0.05859375;0.13671875;0.41015625
0.0625;0.26171875;0.43359375;0.27734375;0.125;0.05859375;0.23828125;0.15625;0.359375;0.11328125;0.359375;0.2734375;0.1015625;0.23828125;0.6015625;0.36328125
0.16015625;0.24609375;0.140625;0.484375;0.1484375;0.453125;0.31640625;0.84375;0.26953125;0.546875;0.09765625;0.484375;0.234375;0.41015625;0.109375;0.578125
0.7265625;0.5234375;0.13671875;0.08203125;0.03125;0.71875;0.1640625;0.13671875;0.54296875;0.23828125;0.09765625;0.37109375;0.40234375;0.09765625;0.0859375;0.3046875
0.671875;0.09765625;0.79296875;0.109375;0.1796875;0.20703125;0.30859375;0.015625;0.01953125;0.0390625;0.14453125;0.16796875;0.24609375;0.29296875;0.171875;0.421875
0.53515625;0.22265625;0.32421875;0.22265625;0.56640625;0.04296875;0.48046875;0.08984375;0.41015625;0.01953125;0.5078125;0.41796875;0.80859375;0.17578125;0.3359375;0.57421875
0.8359375;0.56640625;0.34765625;0.40625;0.4296875;0.56640625;0.2578125;0.4609375;0.3671875;0.25;0.19140625;0.19140625;0.89453125;0.734375;0.23046875;0.6171875
0.7734375;0.07421875;0.4453125;0.20703125;0.51171875;0.015625;0.32421875;0.11328125;0.44140625;0.15625;0.27734375;0.13671875;0.70703125;0.078125;0.43359375;0.2890625
0.5234375;0.65625;0.23046875;0.29296875;0.38671875;0.29296875;0.2421875;0.20703125;0.15625;0.09765625;0.16796875;0.0859375;0.37890625;0.58203125;0.125;0.25390625
0.60546875;0.42578125;0.07421875;0.296875;0.203125;0.44140625;0.1875;0.1171875;0.3359375;0.84375;0.1640625;0.5078125;0.7890625;0.52734375;0.25390625;0.6328125
0.578125;0.70703125;0.13671875;0.234375;0.78515625;0.3125;0.08984375;0.3046875;0.9453125;0.5234375;0.47265625;0.03125;0.39453125;0.0078125;0.11328125;0.02734375
0.265625;0.16796875;0.6484375;0.83203125;0.515625;0.0390625;0.79296875;1.24609375;0.47265625;0.80859375;0.8203125;0.921875;0.5234375;0.78125;0.8671875;0.9453125
0.41796875;0.4609375;0.83203125;0.16796875;0.03515625;0.1328125;0.20703125;0.04296875;0.24609375;0.0078125;0.15234375;0.0078125;0.28125;0.01953125;0.2265625;0.18359375
0.078125;1.3046875;0.76953125;0.2265625;0.20703125;1.53515625;0.7890625;0.16015625;0.3203125;1.60546875;0.83203125;0.1796875;0.05859375;0.91796875;0.484375;0.109375
0.0390625;0.49609375;0.5234375;0.3515625;0.01953125;0.41015625;0.10546875;0.265625;0.1796875;1.03125;0.4609375;0.46875;0.0546875;0.01171875;0.27734375;0.3359375
0.29296875;0.80078125;0.0078125;0.0703125;0.3359375;0.67578125;0.21875;0.35546875;0.27734375;0.97265625;0.01953125;0.0234375;0.109375;0.8203125;0.14453125;0.16796875
0.296875;0.45703125;0.85546875;0.24609375;0.45703125;0.5234375;0.47265625;0.02734375;0.328125;0.62890625;0.60546875;0.109375;0.3828125;0.52734375;0.64453125;0.08984375
0.37890625;0.109375;0.08203125;0.359375;0.51953125;0.36328125;0.01171875;0.64453125;0.4453125;0.5546875;0.23046875;0.83984375;0.54296875;0.22265625;0.265625;0.63671875
0.63671875;0.37890625;0.0625;0.5703125;0.3515625;0.3125;0.2421875;0.703125;0.6015625;0.421875;0.4140625;0.8203125;0.63671875;0.3515625;0.0859375;0.72265625
1.046875;0.30078125;0.21484375;0.1171875;0.45703125;0.30859375;0.10546875;0.09375;1.02734375;0.32421875;0.35546875;0.3515625;0.921875;0.12109375;0.3203125;0.3828125
0.21875;0.296875;0.19921875;0.88671875;0.06640625;0.14453125;0.23046875;0.28515625;0.02734375;0.01171875;0.31640625;0.0625;0.26171875;0.3984375;0.4921875;0.4296875
0.10546875;0.16796875;0.05078125;0.87109375;0.015625;0.0859375;0.23828125;0.33984375;0.296875;0.51171875;0.18359375;0.49609375;0.12109375;0.41015625;0.3984375;0.6015625
0.23828125;0.2890625;0.0625;0.1328125;0.30859375;0.39453125;0.41015625;0.21875;0.14453125;0.24609375;0.2265625;0.0390625;0.08203125;0.51171875;0.07421875;0.12890625
0.20703125;0.01953125;0.203125;0.0390625;0.2109375;0.12109375;0.12109375;0.0234375;0.34375;0.34765625;0.11328125;0.12109375;0.390625;0.46484375;0.3828125;0.05078125
0.16015625;0.6171875;0.95703125;0.796875;0.21484375;0.125;0.59765625;0.6953125;0.1171875;0.02734375;0.2421875;0.0078125;0.1171875;0.203125;0.50390625;0.66796875
0.59375;0.21875;0.4921875;0.77734375;0.140625;0.26953125;0.28515625;0.33203125;0.6640625;0.21484375;0.38671875;0.4140625;1.08203125;0.1640625;0.72265625;0.65625
0.08984375;0.13671875;0.0078125;0.0703125;0.2421875;0.29296875;0.03125;0.1484375;0.87890625;0.19921875;0.453125;0.1171875;0.37890625;0.2265625;0.15234375;0.1796875
0.375;0.08203125;0.4921875;0.68359375;0.45703125;0.01953125;0.55078125;0.9609375;0.53515625;0.2109375;0.28515625;0.87109375;0.609375;0.26171875;0.33203125;0.8515625
0.234375;0.296875;0.6953125;0.45703125;0.9921875;0.16015625;0.47265625;0.23828125;0.34375;0.046875;0.26171875;0.234375;0.67578125;0.1328125;0.4765625;0.109375
0.07421875;0.48828125;0.54296875;0.4921875;0.078125;0.17578125;0.34375;0.4765625;0.08203125;0.3984375;0.27734375;0.74609375;0.03515625;0.3984375;0.35546875;0.34375
0.140625;0.203125;0.4140625;0.296875;0.01953125;0.15234375;0.4375;0.171875;0.2265625;0.20703125;0.390625;0.125;0.19921875;0.1875;0.109375;0.3125
0.30859375;0.00390625;0.8671875;0.23828125;0.0078125;0.19140625;0.22265625;0.2578125;0.4453125;0.0859375;0.91796875;0.26171875;0.46875;0.32421875;0.60546875;0.05859375
0.8203125;0.30078125;0.71484375;0.140625;0.56640625;0.16015625;0.30859375;0.19140625;0.5234375;0.50390625;0.3125;0.36328125;0.51171875;0.5234375;0.328125;0.28515625
0.078125;0.1875;0.55078125;0.359375;0.1875;0.39453125;0.65234375;0.375;0.4609375;0.0859375;0.82421875;0.66015625;0.31640625;0.12109375;0.86328125;0.5859375
0.72265625;0.1953125;0.3515625;0.359375;0.85546875;0.01953125;0.43359375;0.4140625;0.49609375;0.19921875;0.7109375;0.39453125;0.6484375;0.21484375;0.5546875;0.38671875
1.44921875;0.59375;0.5078125;0.41796875;0.73046875;0.359375;0.453125;0.28515625;1.2890625;0.13671875;0.37109375;0.38671875;1.1640625;0.109375;0.26171875;0.17578125
0.1015625;0.27734375;0.0234375;0.5625;0.07421875;0.05078125;0.01953125;0.04296875;0.078125;0.1640625;0.2578125;0.3515625;0.0078125;0.26171875;0.02734375;0.15625
0.171875;0.3203125;0.02734375;0.62890625;0.24609375;0.22265625;0;0.3671875;0.2734375;0.53125;0.390625;0.28515625;0.30859375;0.37890625;0.21484375;0.4375
0.4140625;0.0625;0.75;0.37109375;0.53515625;0.3125;0.0859375;0.67578125;0.3125;0.19140625;0.12109375;0.27734375;0.5;0.06640625;0.5546875;0.5546875
0.125;0.0546875;0.51953125;0.22265625;0.10546875;0.03515625;0.3984375;0.17578125;0.0078125;0.14453125;0.4140625;0.0625;0.15625;0.2578125;0.703125;0.15234375
1.703125;0.08984375;0.44140625;0.3046875;1.37109375;0.01171875;0.7578125;0.09765625;0.36328125;0.11328125;0.17578125;0.046875;1.40625;0.19140625;0.51953125;0.03125
0.4296875;0.15234375;0.203125;0.1953125;0.296875;0.24609375;0.00390625;0.046875;0.54296875;0.00390625;0.140625;0.0703125;0.40234375;0.08984375;0.01953125;0.16796875
0.28515625;0.3515625;0.3125;0.234375;0.27734375;0.49609375;0.22265625;0.0625;0.2734375;1.11328125;0.18359375;0.27734375;0.13671875;0.65625;0.04296875;0.0625
0.6015625;0.48828125;0.16796875;0.21484375;0.86328125;0.70703125;0.171875;0.1796875;0.55859375;0.37109375;0.4609375;0.32421875;0.5703125;0.359375;0.50390625;0.33203125
0.546875;0.75390625;0.25;0.4453125;0.2421875;0.46875;0.125;0.03125;0.24609375;0.640625;0.08203125;0.48046875;0.1328125;0.640625;0.2578125;0.421875
0.15625;0.01953125;0.21875;0.109375;0.15234375;0.0859375;0.25390625;0.05859375;0.359375;0.21484375;0.296875;0.13671875;0.19921875;0.0859375;0.1640625;0.06640625
1.12890625;0.11328125;0.02734375;1.0078125;0.62109375;0.22265625;0.2265625;0.76171875;1.2421875;0.375;0.12890625;0.96484375;0.71875;0.05078125;0.08984375;0.94921875
0.5703125;0.234375;0.7421875;0.3125;0.41796875;0.10546875;0.23828125;0.046875;0.56640625;0.09375;1.01953125;0.31640625;0.5546875;0.44140625;1.08984375;0.28125
0.8828125;0.578125;0.6328125;0.27734375;0.66015625;0.86328125;0.59375;0.296875;0.6953125;0.21484375;0.6640625;0.18359375;0.703125;0.33203125;0.6328125;0.21484375
0.2421875;0.07421875;0.1953125;0.1875;0.671875;0.421875;0.17578125;0.265625;0.37890625;0.31640625;0.03515625;0.296875;0.46484375;0.05859375;0.21484375;0.265625
0.4609375;0.18359375;0.2265625;0.609375;0.5390625;0.23046875;0.51171875;0.203125;0.05859375;0.40625;0.5859375;0.21875;0.44921875;0.26171875;0.41015625;0.515625
0.34765625;0.75;0.2265625;0.19921875;0.08984375;0.40625;0.2578125;0.078125;0.1875;0.6484375;0.05859375;0.28515625;0.2421875;0.46875;0.1875;0.26171875
0.3203125;0.0625;1.05859375;0.546875;0.08203125;0.1015625;0.24609375;0.23046875;0.3203125;0.07421875;0.18359375;0.13671875;0.1171875;0.125;0.37890625;0.15234375
0.4765625;0.078125;0.0234375;0.078125;0.359375;0.08984375;0.15625;0.04296875;0.5703125;0.19921875;0.0625;0.20703125;0.78125;0.30078125;0.41796875;0.28125
0.625;0.14453125;0.04296875;0.640625;0.828125;0.44140625;0.32421875;0.6796875;0.3671875;0.09765625;0.18359375;0.28515625;0.5390625;0.05859375;0.25;0.484375
0.33984375;0.51171875;0.4296875;0.05078125;0.19921875;0.26171875;0.2578125;0.01171875;0.0703125;0.2421875;0.23046875;0.0078125;0.08203125;0.4921875;0.58984375;0.0390625
0.28125;0.22265625;0.640625;0.1953125;0.48046875;0.171875;0.4296875;0.04296875;0.12109375;0.08203125;0.1875;0.14453125;0.2734375;0.1875;0.359375;0.140625
0.30859375;0.24609375;0.5;0.6484375;0.35546875;0.4765625;0.32421875;0.0703125;0.25;0.64453125;0.29296875;0.1796875;0.375;0.2109375;0.04296875;0.765625
0.34765625;0.01171875;0.30859375;0.27734375;0.57421875;0.1640625;0.13671875;0.37890625;0.23046875;0.1953125;0.828125;0.171875;0.3671875;0.24609375;0.20703125;0.03515625
0.7734375;0.33984375;0.65234375;0.0625;0.96484375;0.50390625;0.65625;0.14453125;0.5625;0.75;0.3828125;0.23046875;0.58984375;0.7421875;0.44140625;0.2890625
0.24609375;0.0078125;0.01171875;0.40625;0.29296875;0.02734375;0.15625;0.4765625;0.26171875;0.29296875;0.39453125;0.03125;0.03125;0.19140625;0.08203125;0.390625
0.12109375;0.3671875;0.41015625;0.60546875;0.171875;0.31640625;0.375;0.828125;0.23828125;0.36328125;0.09765625;0.62890625;0.07421875;0.26953125;0.2265625;0.3203125
0.3984375;0.48828125;0.5234375;0.09375;0.34765625;0.18359375;0.40234375;0.08984375;0.3828125;0.50390625;0.8125;0.15625;0.29296875;0.41015625;0.1328125;0.15625
0.140625;0.0703125;0.0234375;0.6484375;0.18359375;0.1015625;0.28125;0.0859375;0.109375;0.1875;0.04296875;0.625;0.296875;0.05859375;0.10546875;0.16015625
0.23046875;0.2109375;0.0625;0.84765625;0.109375;0.47265625;0.3515625;0.88671875;0.02734375;0.12890625;0.03125;0.90234375;0.015625;0.125;0.01953125;0.921875
0.15234375;0.05859375;0.12109375;0.08984375;0.421875;0.01171875;0.08203125;0.0703125;0.47265625;0.3828125;0.3828125;0.1484375;0.2421875;0.12109375;0.36328125;0.078125
0.88671875;0.84765625;0.8515625;0.61328125;0.625;0.9609375;0.43359375;0.8125;0.734375;1.4609375;1.125;1.15625;0.8671875;1.1875;1.015625;0.90625
0.14453125;0.58984375;0.4453125;0.15234375;0.1484375;0.55859375;0.13671875;0.03125;0.08984375;0.42578125;0.34765625;0.265625;0.0546875;0.29296875;0.421875;0.24609375
0.3203125;0.2890625;0.11328125;0.65625;0.23828125;0.1953125;0.17578125;0.296875;0.4296875;0.1796875;0.078125;0.3828125;0.5859375;0.23828125;0.140625;0.55078125
0.02734375;0.01171875;0.109375;0.01171875;0.33984375;0.3515625;0.10546875;0.16796875;0.4921875;0.1640625;0.48046875;0.296875;0.44921875;0.16015625;0.46484375;0.2265625
0.140625;0.015625;0.15234375;0.52734375;0.2421875;0.078125;0.0234375;0.78125;0.01953125;0.0546875;0;0.265625;0.12109375;0.01171875;0.0390625;0.640625
0.07421875;0.3515625;0.4140625;0.25;0.05078125;0.1875;0.203125;0.1484375;0.2265625;0.21875;0.02734375;0.19921875;0.30859375;0.44921875;0.25390625;0.3203125
0.2734375;1.01953125;0.80078125;0.37109375;0.3046875;0.51953125;0.45703125;0.31640625;0.078125;0.2890625;0.03515625;0.078125;0.2421875;0.671875;0.66015625;0.2890625
1.05859375;0.7421875;0.203125;0.109375;0.67578125;0.51171875;0.13671875;0.0703125;0.70703125;0.72265625;0.1640625;0.1328125;1.328125;0.61328125;0.109375;0.37109375
0.66796875;0.19140625;0.48046875;0.0625;0.33203125;0.3359375;1.01953125;0.05078125;0.828125;0.0546875;0.609375;0.28125;0.15625;0.375;0.66015625;0.23828125
0.08984375;0.2734375;0.984375;0.65234375;0.015625;0.51953125;1.453125;0.80078125;0.46875;0.81640625;1.359375;0.5390625;0.5;0.8828125;1.43359375;0.5078125
0.05859375;0.234375;0.6484375;0.51953125;0.20703125;0.5703125;0.27734375;0.19921875;0.0078125;0.3125;0.1171875;0.44921875;0.0859375;0.54296875;0.4921875;0.359375
0.4296875;0.5859375;0.28125;0.2421875;0.3984375;0.44921875;0.40234375;0.09765625;0.3125;0.4765625;0.71484375;0.40625;0.21875;0.34765625;0.24609375;0.26953125
0.3984375;0.3984375;0.0078125;0.87890625;0;0.25390625;0.09765625;0.41796875;0.25;0.3671875;0.17578125;0.8828125;0.3515625;0.1171875;0.02734375;0.62890625
0.6484375;0.71875;0.01953125;0.30078125;0.21484375;0.140625;0.12109375;0.06640625;0.59375;0.8671875;0.06640625;0.40625;0.35546875;0.8515625;0.05859375;0.6015625
0.6484375;0.19921875;0.546875;0.33203125;0.48046875;0.203125;0.58984375;0.58203125;0.4296875;0.0390625;0.37109375;0.20703125;0.47265625;0.0625;0.4453125;0.25
0.5859375;0.0390625;0.24609375;0.17578125;0.17578125;0.05859375;0.33984375;0.79296875;0.7578125;0.00390625;0.4375;0.48046875;0.9140625;0.03125;0.5234375;0.24609375
0.66015625;1.15625;0.8515625;0.0859375;0.2421875;1.20703125;0.42578125;0.375;0.609375;0.99609375;0.94140625;0.73828125;0.59375;1.26953125;1.015625;0.3984375
0.58203125;0.48828125;0.21875;0.23828125;0.90234375;0.421875;0.18359375;0.453125;0.2734375;0.59375;0.0625;0.3359375;0.0234375;0.4375;0.12109375;0.17578125
0.234375;0.140625;0.234375;0.44921875;0.08984375;0.17578125;0.18359375;0.23828125;0.02734375;0.20703125;0.296875;0.32421875;0.1875;0.33984375;0.4453125;0.4609375
0.30859375;0.46484375;0.22265625;0.25390625;0.52734375;0.6328125;0.296875;0.37109375;0.53125;0.91015625;0.328125;0.34765625;0.59765625;1.0078125;0.1953125;0.046875
0.265625;0.484375;1.546875;1.05859375;0.359375;0.83984375;1.2890625;0.92578125;0.1171875;0.40625;0.734375;0.4921875;0.04296875;0.74609375;1.62109375;1.453125
0.16796875;0.11328125;0.046875;0.37890625;0.17578125;0.07421875;0.078125;0.16015625;0.33984375;0.09765625;0.2578125;0.07421875;0.4375;0.1796875;0.33203125;0.21484375
0.734375;0.2890625;1.03515625;0.0390625;0.5859375;0.08984375;0.64453125;0.515625;0.22265625;0.22265625;0.1953125;0.06640625;0.44921875;0.3671875;0.5234375;0.2890625
0.296875;0.18359375;0.05859375;0.52734375;0.2421875;0.1640625;0.1484375;0.23046875;0.2734375;0.00390625;0.328125;0.28515625;0.33984375;0.3359375;0.0859375;0.04296875
0.60546875;0.08203125;0.59765625;0.5;0.34375;0.04296875;0.41015625;0.40234375;0.76953125;0.08203125;0.55078125;0.29296875;0.046875;0.09375;0.16796875;0.06640625
0.74609375;0.125;0.08984375;0.140625;1.140625;0.16015625;0.0859375;0.03125;0.90234375;0.01171875;0.0234375;0.265625;0.9921875;0.015625;0.05078125;0.2578125
0.59765625;0.2265625;0.6484375;0.3984375;0.5703125;0.75;0.42578125;0.3359375;0.671875;0.1015625;0.140625;0.30078125;0.734375;0.62890625;0.3359375;0.625
0.03125;0.4375;0.25390625;0.23046875;0.0078125;0.44921875;0.2578125;0.1640625;0.265625;0.84765625;0.22265625;0.37890625;0.02734375;0.33984375;0.19140625;0.16796875
0.1484375;0.5390625;0.5234375;0.76171875;0.25;0.2265625;0.16796875;0.4921875;0.4765625;0.359375;0.703125;1.06640625;0.19921875;0.3828125;0.375;0.25
0.41015625;0.046875;0.37109375;0.74609375;0.2578125;0.11328125;0.015625;0.51171875;0.58984375;0.1796875;0.35546875;0.83203125;0.875;0.359375;0.23046875;0.640625
0.6484375;0.17578125;0.19140625;0.33984375;0.3359375;0.4765625;0.26171875;0.06640625;0.33984375;0.21875;0.12109375;0.00390625;0.36328125;0.26953125;0.16796875;0.11328125
0.01171875;0.1640625;0.01171875;0.390625;0.01171875;0.15234375;0.3359375;0.58203125;0.44140625;0.24609375;0.06640625;0.64453125;0.2421875;0.1875;0.1328125;0.62890625
0.53515625;0.03125;0.67578125;0.3046875;0.15234375;0.76171875;0;0.7109375;0.43359375;0.67578125;0.49609375;1.16796875;0.9375;0.42578125;1.21484375;0.11328125
0.12890625;0.59375;0.87109375;0.6875;0.06640625;0.33203125;0.52734375;0.32421875;0.13671875;0.453125;0.9921875;0.15234375;0.078125;0.23046875;0.6640625;0.19921875
0.15234375;0.5234375;0.0390625;0.2578125;0.20703125;0.53515625;0.109375;0.3046875;0.109375;0.28515625;0.01953125;0.29296875;0.26953125;0.625;0.07421875;0.296875
0.2734375;0.15234375;0.29296875;0.79296875;0.95703125;0.546875;0.42578125;0.51953125;0.703125;0.8515625;0.96484375;0.75;0.5390625;0.37890625;0.45703125;0.84765625
0.953125;0.47265625;0.9375;0;0.60546875;0.6171875;0.60546875;0.0546875;0.84375;0.42578125;0.8671875;0.09765625;0.078125;0.1015625;0.3515625;0.234375
0.47265625;0.6328125;0.171875;0.515625;0.3515625;0.34375;0.05859375;0.1015625;0.65234375;0.5;0.2734375;0.14453125;0.38671875;0.77734375;0.17578125;0.26171875
0.19140625;0.10546875;0.63671875;0.30078125;0.03515625;0.05859375;0.3125;0.38671875;0.421875;0.39453125;0.6015625;0.6328125;0.1171875;0.234375;0.21484375;0.66015625
0.0078125;0.0625;0.34375;0.3828125;0.078125;0.1015625;0.51953125;0.3125;0.09375;0.1015625;0.36328125;0.3359375;0.0234375;0.08203125;0.4765625;0.29296875
0.859375;0.0625;1.34765625;0.6484375;0.64453125;0.23828125;0.984375;0.34375;0.19140625;0.0859375;0.77734375;0.375;0.23046875;0.28515625;0.640625;0.1796875
0.5;0.24609375;0.3671875;0.33203125;0.77734375;0.57421875;0.24609375;1.03515625;0.3984375;0.01171875;0.6171875;0.140625;0.57421875;0.3671875;0.50390625;0.7421875
0.33203125;0.42578125;0.16796875;0.46484375;0.359375;0.3984375;0.1484375;0.36328125;0.19140625;0.33984375;0.484375;0.58984375;0.13671875;0.25390625;0.12890625;0.69140625
0.7265625;0.01953125;0.125;0.37890625;0.3125;0.328125;0.06640625;0.3203125;0.22265625;0.01171875;0.1015625;0.54296875;0.3671875;0.0078125;0.04296875;0.609375
0.6875;0.28515625;0.28515625;0.52734375;0.359375;0.0859375;0.30859375;0.6875;0.26171875;0.01953125;0.3125;0.40234375;0.4296875;0.12890625;0.1640625;0.9609375
0.3046875;0.2734375;0.1015625;0.296875;0.05859375;0.36328125;0.2890625;0.6171875;0.2265625;0.39453125;0.2421875;0.30859375;0.06640625;0.44921875;0.24609375;0.5703125
0.33984375;0.484375;0.05859375;0.03125;0.578125;0.8203125;0.02734375;0.61328125;0.5390625;0.74609375;0.07421875;0.6640625;0.1640625;0.70703125;0.2421875;0.0703125
0.6796875;0.11328125;0.08984375;0.5625;0.359375;0.13671875;0.15234375;0.33203125;0.375;0.12109375;0.3203125;0.0078125;0.859375;0.15234375;0.0546875;0.66796875
0.21875;0.5;0.33984375;0.484375;0.28125;1.07421875;0.734375;0.97265625;0.203125;0.7734375;0.56640625;0.7109375;0.3046875;0.08984375;0.05859375;0.34765625
0.16015625;0.49609375;0.13671875;0.11328125;0.1796875;0.265625;0.0078125;0.109375;0.50390625;0.23046875;0.25390625;0.0703125;0.3359375;0.265625;0.19140625;0.1015625
0.5;0.078125;0.80078125;0.6328125;0.15625;0.01953125;0.4140625;0.1171875;0.25390625;0.17578125;0.74609375;0.49609375;0.01953125;0.1953125;0.76953125;0.33984375
0.47265625;0.51171875;0.01953125;0;0.51171875;1;0.15234375;0.20703125;0.3984375;0.8125;0.5234375;0.40625;0.58984375;0.828125;0.01171875;0.046875
0.03515625;0.0625;0.015625;0.32421875;0.21484375;0.09765625;0.10546875;0.23046875;0.15625;0.34375;0.140625;0.2265625;0.74609375;0.26171875;0.02734375;0.390625
0.63671875;0.81640625;0.4609375;0.046875;0.3515625;0.17578125;0.0234375;0.37109375;0.50390625;0.0234375;0.09765625;0.30078125;0.65625;0.28515625;0.08984375;0.03515625
0.1328125;0.06640625;0.359375;0.02734375;0.2109375;0.33984375;0.38671875;0.546875;0.1640625;0.00390625;0.50390625;0.2265625;0.09765625;0.25390625;0.52734375;0.79296875
0.38671875;0.37890625;0.3515625;0.28125;0.70703125;0.0390625;1.08984375;0.12109375;0.3984375;0.0546875;0.5703125;0.06640625;0.69921875;0.37109375;0.7890625;0.28125
0.1875;0.28125;1.12890625;0.40625;0.4296875;0.421875;1.09765625;0.3125;0.2421875;0;0.77734375;0.203125;0.1171875;0.21875;0.359375;0.30078125
0.03125;0.3203125;0.10546875;0.15234375;0.21484375;0.80859375;0.03125;0.21875;0.11328125;0.2578125;0.4375;0.00390625;0.10546875;0.19921875;0.25;0.2109375
0.6640625;0.84375;0.32421875;0.609375;0.27734375;0.1484375;0.046875;0.62890625;0.36328125;0.26953125;0.1015625;0.84765625;0.83984375;0.87109375;0.07421875;0.78515625
0.60546875;0.51171875;0.01171875;0.13671875;0.52734375;0.80078125;0.48828125;0.34375;0.046875;0.45703125;0.109375;0.453125;0.01953125;0.47265625;0.12890625;0.5234375
0.0078125;0.37890625;0.1640625;0.44140625;0.34765625;0.22265625;0.00390625;0.015625;0.3125;0.22265625;0.125;0.00390625;0.1640625;0.046875;0.25;0.04296875
0.21875;0.5234375;0.79296875;0.515625;0.5703125;0.0234375;0.44140625;0.48046875;0.21484375;0.44140625;0.703125;0.62890625;0.64453125;0.05859375;0.7890625;0.24609375
0.78515625;0.2734375;0.171875;0.89453125;0.1875;0.2890625;0.1171875;0.22265625;0.34375;0.3828125;0.12109375;0.33984375;0.3828125;0.109375;0.19921875;0.55078125
0.40625;0.12109375;0.3359375;0.2109375;0.296875;0.22265625;0.265625;0.2109375;0.41796875;0.07421875;0.3046875;0.26953125;0.27734375;0.2578125;0;0.05859375
0.1875;0.19140625;0.26171875;0.4296875;0.26953125;0.23828125;0.03515625;0.296875;0.15625;0.37109375;0.0625;0.6171875;0.05859375;0.2265625;0.01953125;0.28515625
0.58984375;0.42578125;0.1015625;0.1796875;0.0546875;0.30078125;0.10546875;0.109375;0.33203125;0.22265625;0.13671875;0.75;0.09375;0.125;0.16015625;0.375
0.5234375;0.25390625;0.7578125;0.109375;0.18359375;0.19921875;0.5;0.05078125;0.484375;0.2265625;0.34375;0.5703125;0.4921875;0.3203125;0.62109375;0.125
0.6015625;0.19921875;0.328125;0.0078125;1.078125;0.28125;0.05078125;0.43359375;0.8671875;0.1015625;0.23046875;0.4375;0.875;0.3125;0.3125;0.234375
0.32421875;0.44921875;0.30859375;1.14453125;0.3046875;0.44140625;0.1484375;0.59375;0.70703125;0.58984375;0.32421875;1.00390625;0.578125;0.33984375;0.38671875;0.1796875
1.1328125;0.13671875;0.640625;0.46484375;0.78125;0.34375;0.29296875;0.09765625;0.62109375;0.2890625;0.15625;0.06640625;0.5;0.14453125;0.0703125;0.2578125
0.5546875;0.19921875;0.078125;0.3046875;0.31640625;0.1640625;0.52734375;0.12109375;0.58203125;0.76171875;0.171875;0.34765625;0.2890625;0.4921875;0.6328125;0.16015625
0.3828125;0.37109375;0.24609375;0.234375;0.64453125;0.640625;0.234375;0.55859375;0.3828125;0.3359375;0.05859375;0.26171875;0.59765625;0.69140625;0.12890625;0.51953125
0.83203125;0.640625;0.25390625;0.234375;0.734375;0.37890625;0.21875;0.09375;0.8828125;0.20703125;0.09765625;0.25;0.33203125;0.3828125;0.078125;0.2265625
0.265625;0.16015625;0.375;0.27734375;0.55859375;0.31640625;0.37890625;0.58203125;0.5;0.671875;0.5703125;0.91015625;0.69921875;0.44140625;0.359375;0.9296875
0.3828125;0.2578125;0.60546875;0.2421875;0.11328125;0.09765625;0.046875;0.0546875;0.05078125;0.09375;0.0078125;0.0703125;0.22265625;0.1015625;0.046875;0.16796875
0.28125;1.1484375;0.4921875;0.09765625;0.76171875;1.47265625;0.56640625;0.25390625;0.68359375;1.04296875;0.28515625;0.34375;0.87890625;1.16796875;0.3046875;0.43359375
0.16015625;0.55078125;0.51171875;0.37109375;0.19921875;0.09375;0.5;0.06640625;0.03125;0.33984375;0.078125;0.328125;0.15234375;0.08203125;0.59375;0.39453125
0.3125;0.734375;0.10546875;0.11328125;0.05078125;0.5;0.15625;0.2890625;0.21484375;0.46875;0.13671875;0.07421875;0.2265625;0.6640625;0.18359375;0.12109375
0.046875;0.7265625;0.80078125;0.29296875;0.38671875;0.73046875;0.6953125;0.12109375;0.2578125;0.765625;0.52734375;0.08203125;0.40234375;0.625;0.671875;0.09375
0.57421875;0.50390625;0.34765625;0.9375;0.375;0.390625;0.3359375;0.7265625;0.28125;0.50390625;0.39453125;0.76171875;0.29296875;0.59375;0.125;0.66015625
0.359375;0.08203125;0.1171875;0.375;0.765625;0.3125;0.234375;0.578125;0.65625;0.54296875;0.03125;0.71875;0.109375;0.2109375;0.12109375;0.2734375
0.6875;0.47265625;0.3046875;0.109375;0.4140625;0.140625;0.14453125;0.19921875;0.73828125;0.15625;0.0390625;0.60546875;0.56640625;0.0625;0.15234375;0.39453125
0.19921875;0.11328125;0.26953125;0.78515625;0.30078125;0.39453125;0.21484375;0.04296875;0.5078125;0.66015625;0.72265625;0.86328125;0.05859375;0.00390625;0.02734375;0.5
0.0859375;0.078125;0.0625;0.05859375;0.078125;0.01171875;0.609375;0.41015625;0.0625;0.21875;0.203125;1.0078125;0.09375;0.02734375;0.18359375;0.125
0.2109375;0.296875;0.109375;0.3125;0.0859375;0.45703125;0.24609375;0.1640625;0.265625;0.38671875;0.1015625;0.03125;0.546875;0.12109375;0.38671875;0.0078125
0.28515625;0.046875;0.2734375;0.0234375;0.171875;0.171875;0.41015625;0.49609375;0.39453125;0.1875;0.6640625;0.71875;0.734375;0.046875;0.4140625;0.34375
0.2265625;0.51171875;0.66015625;0.734375;0.19921875;0.16796875;1.03125;0.65234375;0.1796875;0.640625;0.89453125;0.88671875;0.21875;0.16796875;1.16015625;0.82421875
0.40625;0.20703125;0.4296875;0.41796875;0.9765625;0.10546875;0.421875;0.87109375;0.5703125;0.12109375;0.296875;0.5234375;0.78125;0.23828125;0.59765625;0.6875
0;0.34765625;0.0625;0.0390625;0.2734375;0.40234375;0;0.12109375;0.11328125;0.34765625;0.12890625;0.20703125;0.0078125;0.15234375;0.08203125;0.05859375
0.54296875;0.36328125;0.52734375;0.28125;0.75390625;0.41796875;0.41796875;0.3984375;0.390625;0.03125;0.03125;0.87109375;0.51171875;0.06640625;0.21484375;0.78515625
0.3203125;0.26953125;0.71484375;0.26953125;0.85546875;0.1328125;0.00390625;0.2734375;0.75390625;0.3046875;0.375;0.0625;0.984375;0.17578125;0.5546875;0.18359375
0.0859375;0.33203125;0;0.55078125;0.5625;0.01953125;0.31640625;0.82421875;0.765625;0.09375;0.2578125;0.765625;0.85546875;0.02734375;0.14453125;0.88671875
0.44140625;0.390625;0.08984375;0.125;0.01171875;0.47265625;0.47265625;0.33203125;0.03125;0.28515625;0.45703125;0.26953125;0.109375;0.44921875;0.359375;0.44140625
0.44921875;0.5234375;0.4453125;0.1015625;0.20703125;0.359375;0.24609375;0.125;0.4453125;0.640625;0.28515625;0.05078125;0.43359375;0.19921875;0.7578125;0.3203125
0.52734375;0.5234375;0.6640625;1.08203125;0.71875;0.203125;0.5078125;0.0859375;0.54296875;0.1875;0.421875;0.265625;0.515625;0.6640625;0.28125;0.42578125
0.48046875;0.1796875;0.984375;0.703125;0.375;0.0390625;0.77734375;0.61328125;0.4921875;0.26953125;0.7890625;0.75;0.2109375;0.07421875;0.40625;0.33203125
0.54296875;0.05078125;0.22265625;0.28515625;0.51953125;0.29296875;0.4765625;0.33203125;0.83203125;0.171875;0.4765625;0.40234375;0.41015625;0.1484375;0.16796875;0.2578125
0.953125;0.296875;0.2734375;0.56640625;0.5390625;0.16796875;0.11328125;0.12109375;0.9453125;0.33203125;0.35546875;0.02734375;0.6875;0.0859375;0.15625;0.015625
0.12109375;0.2421875;0.296875;0.84765625;0.2265625;0.34375;0.31640625;0.90625;0.03125;0.28125;0.0703125;0.234375;0.15234375;0.33203125;0.11328125;0.84765625
0.265625;0.0390625;0.0546875;0.09375;0.234375;0.05078125;0.01171875;0.30078125;0.3046875;0.3125;0.00390625;0.77734375;0.1484375;0.0703125;0.01953125;0.13671875
0.625;0.22265625;0.53125;1.01953125;0.4921875;0.1796875;0.375;0.71484375;0.59375;0.0234375;0.1328125;0.8125;0.3671875;0.296875;0.5390625;0.29296875
0.0859375;0.2890625;0.6640625;0.1953125;0.61328125;0.0078125;0.55859375;0.37890625;0.90234375;0.44140625;0.73828125;0.359375;0.2734375;0.03515625;0.52734375;0.02734375
1.35546875;0.06640625;0.41796875;0.14453125;1.50390625;0.4296875;0.95703125;0.60546875;1.83203125;0.015625;0.4375;0.19921875;1.8828125;0.39453125;1.11328125;0.6171875
0.27734375;0.13671875;0.015625;0.08984375;0.62890625;0.203125;0.16796875;0.0546875;0.3359375;0.1640625;0.1640625;0.03125;0.515625;0.11328125;0.00390625;0.12890625
0.01953125;0.51171875;0.1015625;0.2578125;0.05078125;0.71484375;0.26953125;0.37890625;0.40234375;0.66796875;0.16015625;0.14453125;0.08203125;0.23828125;0.25;0.14453125
0.1484375;0.234375;0.4609375;0.234375;0.38671875;0.21875;0.34765625;0.12890625;0.51953125;0.42578125;0.14453125;0.2890625;0.4921875;0.19921875;0.16015625;0.359375
0.30078125;0.69140625;0.39453125;0.39453125;0.15234375;0.16015625;0.1796875;0.12890625;0.24609375;0.03515625;0.26171875;0.4765625;0.02734375;0.65234375;0.2890625;0.30859375
0.38671875;0.3359375;0.109375;0.05859375;0.43359375;0.29296875;0.84375;0.09765625;0.52734375;0.34375;0.84765625;0.19140625;0.578125;0.40234375;0.953125;0.1953125
0.828125;0.2109375;0.2109375;0.76171875;0.78515625;0.09375;0.13671875;0.6796875;0.83984375;0.171875;0.21484375;0.96875;1.1171875;0.00390625;0.12109375;1.203125
0.12890625;0.76171875;1.11328125;0.06640625;0.44921875;0.54296875;0.59765625;0.1171875;0.13671875;1.078125;1.09375;0.0859375;0.359375;0.23046875;0.984375;0.18359375
0.75390625;0.8515625;0.66015625;0.05859375;0.8203125;0.64453125;0.7734375;0.23828125;0.65234375;0.234375;0.6796875;0.1484375;0.7578125;0.18359375;0.6953125;0.2265625
0.76171875;0.58984375;0.16015625;0.33984375;0.359375;0.3359375;0.03125;0.26171875;0.0859375;0.20703125;0.13671875;0.26171875;0.28125;0.43359375;0.2421875;0.2734375
0.51953125;0.1796875;0.2734375;0.390625;0.40625;0.2578125;0.2890625;0.74609375;0.359375;0.2109375;0.34765625;0.51171875;0.0703125;0.23046875;0.4140625;0.1484375
0.1171875;0.609375;0.0625;0.1484375;0.1171875;0.1953125;0.0078125;0.01171875;0.03515625;0.37109375;0.42578125;0.15234375;0.09375;0.203125;0.09765625;0.078125
0.24609375;0.0390625;1.01953125;0.44140625;0.50390625;0.26953125;0.734375;0.61328125;0.13671875;0.18359375;0.66796875;0.16796875;0.25390625;0.23046875;1.0625;0.6875
0.234375;0.0234375;0.34375;0.01171875;0.640625;0.265625;0.80859375;0.26171875;0.75;0.0625;0.36328125;0.1796875;0.44921875;0.12109375;0.5703125;0.078125
1.2109375;0.4140625;0.05859375;0.45703125;0.61328125;0.23828125;0.06640625;0.30859375;0.95703125;0.15625;0.19921875;0.44140625;0.75;0.359375;0.47265625;0.75390625
0.47265625;0.87109375;0.71484375;0.2109375;0.36328125;0.6328125;0.58203125;0.14453125;0.05078125;0.65234375;0.7421875;0.3515625;0.0546875;0.80078125;0.46484375;0.328125
0.3203125;0.265625;0.4921875;0.08984375;0.7421875;0.015625;0.640625;0.046875;0.21875;0.1640625;0.5859375;0.2421875;0.7734375;0.2578125;0.67578125;0.03125
0.35546875;0.33203125;0.2890625;0.29296875;0.125;0.24609375;0.0234375;0.87109375;0.20703125;0.12890625;0.0859375;0.625;0.34375;0.5;0.13671875;0.4921875
1.1171875;0.71484375;0.39453125;0.2734375;1.140625;0.83984375;0.41796875;0.09375;0.671875;0.28515625;0.19140625;0.32421875;0.265625;0.06640625;0.0546875;0.26171875
0.625;0.25;0.4765625;0.25;1.25;0.125;0.83984375;0.4375;0.609375;0.625;0.29296875;0.1171875;0.97265625;0.45703125;0.3984375;0.2734375
0.2265625;0.0546875;0.08984375;0.57421875;0.19140625;0.05859375;0.31640625;0.4609375;0.69140625;0.3515625;0.3984375;0.74609375;0.08984375;0.17578125;0.10546875;0.515625
0.234375;0.3125;0.203125;0.2109375;0.62109375;0.19140625;0.2109375;0.8046875;0.54296875;0.15234375;0.01171875;0.3984375;0.75390625;0.13671875;0.03125;0.4921875
0.2109375;0.59375;0.30859375;0.0546875;0.3203125;0.296875;0.29296875;0.109375;0.39453125;0.26953125;0.42578125;0.0625;0.421875;0.52734375;0.37890625;0.0078125
0.1875;0.62109375;0.19140625;0.22265625;0.46875;0.1484375;0.04296875;0.203125;0.453125;0.41015625;0.3046875;0.44140625;0.01171875;0.28125;0.21875;0.36328125
0.1328125;0.34765625;0.51953125;0.50390625;0.0859375;0.41015625;0.26171875;0.9453125;0.0703125;0.27734375;0.1640625;0.7265625;0.0234375;0.03515625;0.12109375;0.99609375
0.44140625;0.06640625;0.11328125;0.1953125;0.2890625;0.05859375;0.0234375;0.23046875;0.328125;0.2421875;0.296875;0.28515625;0.55078125;0.2421875;0.0234375;0.16796875
0.546875;0.68359375;0.48828125;0.38671875;0.95703125;1.140625;1.2265625;0.73828125;0.94140625;1.02734375;0.91796875;0.8515625;0.1953125;0.46484375;0.18359375;0.44140625
0.07421875;0.5546875;0.125;0.0390625;0.0546875;0.3046875;0.15234375;0.0078125;0.22265625;0.30078125;0.2734375;0.875;0.06640625;0.2109375;0.24609375;0.37890625
0.32421875;0.27734375;0.26171875;0.67578125;0.28125;0.12890625;0.58203125;0.3203125;0.73828125;0.35546875;0.41015625;0.80859375;0.4140625;0.21484375;0.4453125;0.55859375
0.4140625;0.5;0.2109375;0.18359375;0.38671875;0.50390625;0.375;0.09375;0.00390625;0.125;0.0546875;0.046875;0.58984375;0.59375;0.41796875;0.08984375
0.26953125;0.1171875;0.0078125;0.9453125;0.31640625;0.0234375;0.1484375;0.6171875;0.109375;0.03515625;0.05078125;0.78125;0.234375;0.05859375;0.20703125;0.484375
0.2734375;0.6171875;0.70703125;0.53515625;0.1015625;0.3046875;0.4921875;0.10546875;0.359375;0.34375;0.2421875;0.08984375;0.11328125;0.48828125;0.0703125;0.3515625
0.44140625;0.73828125;0.546875;0.58203125;0.22265625;0.53515625;0.23828125;0.16015625;0.32421875;1.08984375;0.90625;0.42578125;0.140625;0.671875;0.4609375;0.0234375
0.890625;0.47265625;0.11328125;0.0859375;0.8671875;0.69921875;0.0078125;0.0546875;0.78125;0.26953125;0.046875;0.14453125;1.12109375;0.828125;0.0234375;0.109375
0.375;0.47265625;1.31640625;0.1328125;0.2109375;0.68359375;1.34765625;0.01171875;0.2734375;0.515625;1.22265625;0.05859375;0.3671875;0.07421875;0.4453125;0.01171875
0.06640625;0.4609375;0.42578125;0.00390625;0.5078125;0.58984375;0.62890625;0.06640625;0.09375;0.5;1.1171875;0.53515625;0.3125;0.5625;0.97265625;0.2421875
0.0390625;0.46875;0.85546875;0.3984375;0.015625;0.515625;0.35546875;0.01953125;0.10546875;0.50390625;0.62109375;0.01953125;0.16796875;0.69140625;0.5703125;0.32421875
0.03125;0.203125;0.6796875;0.4921875;0.1015625;0.1640625;0.7421875;0.15234375;0.10546875;0.01171875;0.7109375;0.34375;0.1484375;0.078125;0.8515625;0.31640625
0.37109375;0.109375;0.25;0.66015625;0.38671875;0.40625;0.171875;0.65625;0.1484375;0.3046875;0.13671875;0.609375;0.5859375;0.35546875;0.1015625;0.9765625
0.1328125;0.86328125;0.1484375;0.30859375;0.18359375;0.53515625;0.0390625;0.44140625;0.1796875;0.890625;0.1328125;0.4375;0.359375;0.93359375;0.078125;0.37109375
0.17578125;0.1640625;0.15625;0.45703125;0.50390625;0.140625;0.5078125;0.421875;0.2734375;0.03515625;0.26171875;0.22265625;0.48828125;0.01953125;0.40234375;0.1640625
0.61328125;0.07421875;0.5859375;0.75390625;0.625;0.0546875;0.37109375;0.453125;0.91015625;0.0625;0.35546875;0.20703125;0.03125;0.10546875;0.0859375;0.74609375
0.20703125;0.94921875;0.6015625;0.0703125;0.7578125;1.17578125;1.296875;0.23046875;0.75390625;1.21484375;0.78515625;0.2578125;0.08203125;0.29296875;0.08984375;0.29296875
0.609375;0.4140625;0.05078125;0.47265625;0.34375;0.2109375;0.125;0.30078125;0.171875;0.69921875;0.296875;0.46875;0.078125;0.375;0.1484375;0.2734375
0.30859375;0;0.03125;0.4609375;0.19140625;0.2109375;0.640625;0.265625;0.1796875;0.35546875;0.328125;0.63671875;0.140625;0.30078125;0.69140625;0.42578125
0.421875;0.484375;0.2109375;0.13671875;0.3984375;0.72265625;0.03515625;0.4453125;0.40625;0.69921875;0.1796875;0.01171875;0.58984375;0.7890625;0.203125;0.04296875
0.33984375;0.71875;1.59765625;1.2734375;0.08203125;0.83203125;0.9921875;0.9609375;0.140625;0.671875;1.76953125;1.5078125;0.48046875;0.3359375;1.26171875;0.50390625
0.2265625;0.10546875;0.1640625;0.70703125;0.0703125;0.30859375;0.1640625;0.3515625;0.13671875;0.06640625;0.21875;0.078125;0.1328125;0.03515625;0;0.17578125
0.5234375;0.05078125;1.0078125;0.015625;0.94140625;0.13671875;0.84375;0.73828125;0.6953125;0.36328125;1.02734375;0.01953125;1.12109375;0.03515625;0.796875;0.96875
0.26171875;0;0.01953125;0.20703125;0.19921875;0.390625;0.19140625;0.1640625;0.109375;0.203125;0.046875;0.15234375;0.38671875;0.15234375;0.14453125;0.15234375
0.3671875;0.07421875;0.7421875;0.65234375;0.08203125;0.12890625;0.61328125;0.37890625;0.28515625;0.046875;0.3828125;0.33984375;0.265625;0.0859375;0.3671875;0.234375
0.48046875;0.0859375;0.11328125;0.08203125;0.8984375;0.19140625;0.17578125;0.2890625;0.84765625;0.1640625;0.1328125;0.16015625;0.99609375;0.26171875;0.078125;0.03125
0.68359375;0.64453125;0.16796875;0.64453125;0.30078125;0.515625;0.70703125;0.5390625;0.23046875;0.7109375;0.20703125;0.36328125;0.8125;0.8515625;0.4765625;0.6640625
0.33203125;0.625;0.1953125;0.28125;0.21484375;1.14453125;0.01171875;0.18359375;0.30078125;1.15625;0.0625;0.20703125;0.39453125;1.33203125;0.11328125;0.203125
0.01953125;0.10546875;0.66015625;0.484375;0.0078125;0.421875;0.15625;0.4375;0.16796875;0.3984375;0.25390625;0.546875;0.15234375;0.72265625;0.5;0.54296875
0.859375;0.82421875;0.13671875;0.33984375;0.734375;0.203125;0.06640625;0.41015625;1.06640625;0.77734375;0.20703125;0.18359375;0.6796875;0.2578125;0.19140625;0.52734375
0.4765625;0.46875;0.32421875;0.0859375;0.44921875;0.34375;0.17578125;0.00390625;0.31640625;0.14453125;0.0078125;0.19921875;0.34375;0.2421875;0.15234375;0.0625
0.2734375;0.08984375;0.2734375;0.8828125;0.19921875;0.04296875;0.2265625;0.7265625;0.453125;0.125;0.046875;0.69140625;0.13671875;0.23828125;0.2890625;0.41796875
0;0.734375;0.0625;0.6875;0.86328125;0.27734375;1.15234375;0.19921875;0.3046875;0.38671875;0.7421875;0.27734375;0.7578125;1.61328125;0.9296875;1.43359375
0.171875;0.68359375;0.78125;0.82421875;0.1015625;0.4140625;1.3828125;0.45703125;0.1328125;0.1640625;0.70703125;0.27734375;0.11328125;0.32421875;1.34765625;0.578125
0.09375;0.38671875;0.1015625;0.1796875;0.1484375;0.34375;0.28515625;0.40625;0.16796875;0.2890625;0.07421875;0.33984375;0.21484375;0.1796875;0.2734375;0.34375
0.40234375;0.2265625;0.30078125;0.171875;1.05078125;0.953125;0.87890625;0.70703125;0.79296875;0.9609375;1.0078125;0.26953125;0.296875;0.05859375;0.0234375;0.71875
0.8515625;0.3125;0.84375;0.14453125;0.36328125;0.3984375;0.4609375;0.0859375;0.59765625;0.390625;0.70703125;0.09765625;0.75;0.39453125;0.84375;0.12109375
0.24609375;0.30859375;0.08203125;0.27734375;0.3203125;0.58984375;0.22265625;0.4765625;0.7890625;0.71875;0.11328125;0.4609375;0.66796875;0.6875;0.11328125;0.32421875
0.234375;0.37890625;0.453125;0.6953125;0.33203125;0.4609375;0.3828125;0.8125;0.49609375;0.5625;0.359375;0.7265625;0.37109375;0.40625;0.4453125;0.59765625
0.12109375;0.08984375;0.44140625;0.23046875;0.11328125;0;0.4921875;0.40625;0.0390625;0.03515625;0.52734375;0.42578125;0.06640625;0.08203125;0.484375;1.3359375
0.58203125;0.17578125;0.890625;0.22265625;1.05078125;0.07421875;1.08984375;0.18359375;1.1015625;0.359375;1.2578125;0.06640625;0.515625;0.0546875;0.85546875;0.0390625
0.77734375;0.17578125;0.609375;0.421875;0.6484375;0.0625;0.734375;0.3671875;0.6640625;0.1015625;0.58984375;0.5390625;0.546875;0.14453125;1.1328125;0.171875
0.20703125;0.4140625;0.328125;0.43359375;0.57421875;0.48046875;0.00390625;0.2109375;0.2265625;0.39453125;0.33203125;0.48828125;0.06640625;0.16796875;0.05859375;0.61328125
0.6953125;0.23828125;0.1875;0.40625;0.171875;0.5234375;0.01953125;0.2578125;0.09765625;0.265625;0.1640625;0.33984375;0.20703125;0.59375;0.18359375;0.15625
0.0390625;0.2734375;0.2421875;0.30078125;0.359375;0.15625;0.22265625;0.421875;0.33203125;0.1484375;0.08984375;0.2421875;0.6875;0.1953125;0.08203125;0.6796875
0.1015625;0.46875;0.42578125;0.60546875;0.30859375;0.33203125;0.14453125;0.41796875;0.21484375;0.1484375;0.15234375;0.82421875;0.203125;0.39453125;0.1640625;0.16796875
0.12890625;0.62109375;0.3671875;0.39453125;0.28515625;0.8828125;0.23046875;0.2734375;0.51953125;0.328125;0.22265625;0.140625;0.02734375;0.70703125;0.41796875;0.15234375
0.8125;0.37109375;0.2734375;0.25;0.60546875;0.43359375;0.4765625;0.13671875;0.6015625;0.2265625;0.3515625;0.046875;0.265625;0.02734375;0.390625;0.1015625
0.61328125;0.47265625;0.1328125;0.81640625;0.12890625;0.26953125;0.36328125;0.33203125;0.3515625;0.55859375;0.5078125;0.84375;0.44140625;0.9609375;0.5234375;0.98046875
0.0625;0.51171875;0.03125;0.15234375;0.48828125;0.59375;0.66796875;0.15625;0.3046875;0.3671875;0.2890625;0.14453125;0.375;0.71875;0.7734375;0.2421875
0.12109375;0.1640625;0.46875;0.296875;0.5234375;0.4765625;0.6328125;0.4375;0.37109375;0.31640625;0.84765625;0.49609375;0.0625;0.48828125;0.3359375;0.1328125
0.16796875;0.453125;0.328125;0.140625;0.5234375;1.109375;0.3828125;0.4140625;0.171875;0.75390625;0.72265625;0.5078125;0.5546875;0.60546875;0.2265625;0.1484375
0.2109375;0.4296875;0.203125;0.23828125;0.09375;0.0546875;0.01171875;0.08203125;0.04296875;0.41015625;0.140625;0.01171875;0.19921875;0.30078125;0.0859375;0.08984375
0.2890625;0.08984375;0.23046875;0.02734375;0.578125;0.6875;0.43359375;0.02734375;0.73828125;0.49609375;0.203125;0.07421875;0.6640625;0.26953125;0;0.10546875
0.3046875;0.24609375;0.46484375;0.234375;0.078125;0.0703125;0.56640625;0.47265625;0.01953125;0.1796875;0.328125;0.03125;0.0234375;0.125;0.31640625;0.01953125
0.51171875;0.046875;0.9765625;0.17578125;0.6953125;0.84765625;0.86328125;0.734375;0.75;0.46484375;0.984375;0.4921875;0.1484375;0.71875;0.00390625;0.76171875
0.33984375;0.453125;0.29296875;0.71484375;0.53515625;0.12890625;0.75390625;0.77734375;0.078125;0.06640625;0.60546875;0.82421875;0.33203125;0.265625;0.46484375;0.546875
0.046875;0.45703125;0.0859375;0.05859375;0.02734375;0.0703125;0.359375;0.0390625;0.01953125;0.15234375;0.57421875;0.0625;0.15234375;0.3671875;0.1015625;0.15234375
0.671875;0.78125;0.1875;0.1640625;0.375;0.46875;0.30078125;0.42578125;0.75390625;0.91796875;0.22265625;0.22265625;0.83203125;0.94921875;0.18359375;0.6328125
0.9375;0.859375;0.17578125;0.0234375;0.90234375;1.125;0.47265625;0.2109375;0.21484375;0.75390625;0.32421875;0.40625;1.046875;1.01953125;0.828125;0.05078125
0.2265625;0.09765625;0.06640625;0.078125;0.2890625;0.1953125;0.18359375;0.08203125;0.046875;0.3125;0.19140625;0.2578125;0.15234375;0.15234375;0.03125;0.33203125
0.59765625;0.1640625;0.3359375;0.49609375;0.35546875;0.46875;0.85546875;0.52734375;0.59375;0.1484375;0.32421875;0.5859375;0.171875;0.39453125;0.87890625;0.375
0.15234375;0.33984375;0.140625;0.20703125;0.3046875;0.0390625;0.1875;0.44921875;0.5390625;0.0625;0.0546875;0.625;0.44921875;0.00390625;0.23046875;0.57421875
0.18359375;0.0859375;0.5546875;0.3203125;0.171875;0.02734375;0.68359375;0.4296875;0.4453125;0.0390625;0.3984375;0.30859375;0.6875;0.15625;0.29296875;0.296875
0.234375;0.5234375;0.23046875;0.7421875;0.15625;0.02734375;0.12890625;0.09765625;0.16796875;0.21875;0.2734375;0.01171875;0.234375;0.51171875;0.08984375;0.6875
0.734375;0.5234375;0.1328125;0;0.25390625;0.421875;0.0703125;0.6875;0.0703125;0.234375;0.01953125;0.21875;0.5625;0.53515625;0.2109375;0.44140625
0.359375;0.53515625;0.34765625;0.24609375;0.2734375;0.54296875;0.5234375;0.25390625;0.50390625;0.05078125;0.33984375;0.67578125;0.09765625;0.03125;0.13671875;0.375
0.51171875;0.10546875;0.00390625;0.11328125;1.1328125;0.10546875;0.14453125;0.609375;0.75390625;0.33203125;0.0078125;0.59375;0.6640625;0.42578125;0.28515625;0.0625
0.7421875;0.4921875;0.33203125;1.08203125;0.42578125;0.328125;0.1953125;0.4609375;0.859375;0.7890625;0.32421875;0.58984375;0.6875;0.7578125;0.37890625;0.81640625
0.27734375;0.15234375;0.22265625;0.0078125;0.8984375;0.01953125;0.5625;0.3671875;0.921875;0.1484375;0.421875;0.34375;0.71875;0.203125;0.21875;0.234375
0.5;0.76171875;0.06640625;0.3203125;0.453125;0.94140625;0.296875;0.31640625;0.40234375;1.1328125;0.04296875;0.21875;0.4375;0.80078125;0.03515625;0.23828125
0.4375;0.57421875;0.265625;0.40234375;0.59375;0.984375;0.02734375;0.51171875;0.67578125;0.81640625;0.0546875;0.57421875;0.4609375;0.04296875;0.21484375;0.0625
0.84765625;0.578125;0.34765625;0.04296875;0.60546875;0.69921875;0.171875;0.1015625;0.42578125;0.9453125;0.1640625;0.04296875;0.83203125;0.453125;0.21484375;0.08203125
0.4375;0.234375;0.8125;0.6875;0.61328125;0.2734375;0.7890625;1.05078125;0.66015625;0.0234375;0.8046875;1.19140625;0.640625;0.9765625;0.828125;0.9765625
0.15625;0.0078125;0.0546875;0.07421875;0.44921875;0.05859375;0.4296875;0.26171875;0.1640625;0.0078125;0.11328125;0.04296875;0.23828125;0.046875;0.25;0.1640625
0.49609375;1.7265625;0.828125;0.1328125;0.5078125;1.98828125;1.0546875;0.11328125;0.49609375;1.33984375;0.625;0.140625;0.26953125;1.4921875;0.73828125;0.046875
0.1796875;0.55859375;0.4765625;0.3125;0.1484375;0.66796875;0;0.48828125;0.046875;0.1875;0.19140625;0.34375;0.03125;0.35546875;0.72265625;0.07421875
0.1328125;0.23828125;0.078125;0.28125;0.26953125;0.796875;0.09375;0.078125;0.453125;0.890625;0.5390625;0.640625;0.01171875;0.48046875;0.41015625;0.390625
0.43359375;0.49609375;0.10546875;0.1640625;0.48046875;0.69140625;0.76953125;0.109375;0.10546875;0.66796875;0.6328125;0.25390625;0.3828125;0.578125;0.43359375;0.01953125
0.625;0.4609375;0.0859375;0.765625;0.578125;0.37890625;0.2421875;0.7734375;0.41015625;0.5546875;0.3984375;0.90234375;0.234375;0.625;0.72265625;1.00390625
0.26171875;0.1875;0.046875;0.69140625;0.34765625;0.0859375;0.05859375;0.14453125;0.5625;0.3828125;0.5546875;0.4296875;0.62890625;0.43359375;0.0859375;0.84765625
0.61328125;0.55859375;0.375;0.015625;1.25390625;0.30859375;0.125;0.54296875;0.66796875;0.01953125;0.125;0.33984375;1.34375;0.30078125;0.12109375;0.359375
0.1015625;0.3046875;0.234375;0.4296875;0.2421875;0.01171875;0.53125;0.5703125;0.609375;0.73828125;0.8828125;0.9453125;0.171875;0.13671875;0.50390625;0.2734375
0.03125;0.09765625;0.3359375;0.5078125;0.01953125;0.23828125;0.50390625;0.90234375;0.19921875;0.29296875;0.51171875;1.3828125;0.1640625;0.18359375;0.06640625;0.34765625
0.42578125;0.328125;0.28515625;0.08203125;0.1015625;0.328125;0.125;0.02734375;0.26953125;0.4453125;0.19140625;0.03515625;0.234375;0.390625;0.26953125;0.19921875
0.23046875;0.2265625;0.03125;0.15625;0.34375;0.01171875;0.06640625;0.22265625;0.48046875;0.33203125;0.63671875;0.390625;0.55859375;0.26171875;0.640625;0.53515625
0.14453125;0.375;0.53515625;0.81640625;0.16015625;0.43359375;0.90234375;0.92578125;0.09375;0.55859375;0.58203125;0.53125;0.015625;0.51953125;0.57421875;0.58984375
0.72265625;0.109375;0.234375;0.765625;0.609375;0.37109375;0.6953125;0.7734375;0.8515625;0.2578125;0.66015625;0.84765625;0.0234375;0.30078125;0.50390625;0.54296875
0.63671875;0.203125;0.3125;0.08203125;1;0.27734375;0.12109375;0.14453125;0.64453125;0.1796875;0.07421875;0.203125;0.46484375;0.234375;0.21875;0
0.88671875;0.5859375;0.4296875;0.46484375;0.6875;0.26953125;0.15234375;0.8359375;0.66015625;0.23046875;0.1171875;0.88671875;0.62890625;0.24609375;0.47265625;0.94140625
0.359375;0.06640625;0.26171875;0.23828125;0.41796875;0.125;0.125;0.0703125;0.3828125;0.07421875;0.40625;0.1796875;0.66015625;0.203125;0.6640625;0.00390625
0.17578125;0.34765625;0.14453125;0.88671875;0.31640625;0.41796875;0.5390625;1.078125;0.58203125;0.28125;0.5234375;0.87109375;0.00390625;0.0234375;0.3828125;0.40625
0.0625;0.12109375;0.26953125;0.01171875;0.07421875;0.0390625;0.38671875;0.1953125;0.3046875;0.08203125;0.015625;0.20703125;0.328125;0.09765625;0.14453125;0.16796875
0.2265625;0.390625;0.1328125;0.12890625;0.4921875;0.50390625;0.546875;0.11328125;0.015625;0.328125;0.10546875;0.48828125;0.55078125;0.50390625;0.59375;0.39453125
0.18359375;0.32421875;0.109375;0.01171875;0.640625;0.625;0.34765625;0.28515625;0.5390625;0.15234375;0.73046875;0.71875;0.28515625;0.703125;0.05859375;0.48046875
0.3671875;0.1171875;0.875;0.58203125;0.45703125;0.07421875;0.9921875;0.71484375;0.58203125;0.265625;0.90625;0.80078125;0.78125;0.53515625;1;1.0078125
0.62890625;0.046875;0.51953125;0.37109375;0.34765625;0.01953125;0.05078125;0.20703125;0.265625;0.1328125;0.40234375;0.28125;0.765625;0.1953125;0.62109375;0.44140625
0.8515625;0.45703125;0.1953125;0.64453125;1.65234375;0.09765625;0.66796875;0.3125;0.890625;0.11328125;0.25;0.01171875;1.8046875;0.41015625;0.76953125;0.3515625
0.05859375;0.04296875;0.171875;0.0703125;0.109375;0.0078125;0.6015625;1.05078125;0.05859375;0.33203125;0.0078125;0.40625;0.02734375;0.2734375;0.22265625;0.41015625
0.29296875;0.0859375;0.01171875;0.2109375;0.37890625;0.2578125;0.015625;0.69140625;0.76171875;0.4140625;0.07421875;0.89453125;0.41015625;0.0859375;0.0390625;0.23046875
0.515625;0.05859375;0.2265625;0.74609375;0.40234375;0.12890625;0.02734375;0.4921875;0.59765625;0.1640625;0.51953125;0.67578125;0.6796875;0.23828125;0.15234375;0.87890625
0.00390625;0.12109375;0.24609375;0.09765625;0.26171875;0.3359375;0.4765625;0.08984375;0.46484375;0.2734375;0.90234375;0.25;0.59375;0.3203125;0.78515625;0.19921875
1.64453125;0.2890625;0.51953125;0.109375;2.0078125;0.05078125;0.7109375;0.2109375;1.41015625;0.37109375;0.0078125;0.1171875;1.35546875;0.2578125;0.13671875;0.0703125
0.578125;0.21484375;0.203125;0.0078125;0.69140625;0.5078125;0.109375;0.18359375;0.6796875;0.23046875;0.01171875;0.171875;0.10546875;0.51953125;0.21875;0.34765625
0.265625;0.89453125;0.234375;0.25390625;0.60546875;0.8984375;0.2890625;0.05859375;0.78125;0.46875;0.078125;0.12890625;0.1015625;0.8203125;0.16015625;0.109375
0.5;0.09765625;0.5546875;0.0078125;0.6875;0.28515625;0.3203125;0.16796875;0.80078125;0.41015625;0.10546875;0.01953125;0.578125;0.3125;0.58203125;0.4609375
0.1796875;0.60546875;0.125;0.32421875;0.28125;0.234375;0.28125;0.4140625;0.203125;0.75390625;0.07421875;0.3671875;0.1171875;0.7578125;0.26171875;0.3359375
0.4765625;0.3203125;0.3046875;0.15234375;0.4296875;0.21875;0.66796875;0.2734375;0.41796875;0.171875;0.8125;0.25390625;0.12890625;0.0703125;0.41015625;0.12109375
0.3984375;0.40234375;0.23046875;0.6953125;0.9609375;0.37109375;0.12890625;1.11328125;0.63671875;0.15625;0.01953125;0.80078125;0.78515625;0.01953125;0.15625;0.4375
0.43359375;0.74609375;0.56640625;0.12890625;0.22265625;0.71875;1.19921875;0.01171875;0.6328125;0.3359375;0.37109375;0.15234375;0.0078125;0.78125;1.234375;0.0625
0.33984375;0.3828125;0.45703125;0.2265625;0.85546875;0.4765625;0.78515625;0.26953125;0.66015625;0.5390625;0.58203125;0.02734375;0.54296875;0.0625;0.60546875;0.171875
0.53125;0.17578125;0.09375;0.33203125;0.32421875;0;0.30078125;0.30859375;0.24609375;0.27734375;0.109375;0.3125;0.0390625;0.3515625;0.14453125;0.296875
0.328125;0.375;0.65625;0.0234375;0.29296875;0.1328125;0.16796875;0.34765625;0.234375;0.296875;0.328125;0.2734375;0.36328125;0.3125;0.515625;0.40234375
0.125;0.60546875;0.0234375;0.09375;0.25;0.78515625;0.16796875;0.296875;0.21875;0.28515625;0.0625;0.1015625;0.33984375;0.90234375;0.08203125;0.3515625
0.09765625;0.01953125;0.48828125;0.3984375;0.01171875;0.09765625;0.76171875;0.171875;0.18359375;0.2421875;0.73828125;0.0703125;0.25390625;0.12109375;0.29296875;0.09765625
0.1953125;0.03515625;0.23828125;0.21484375;0.91015625;0.23828125;0.7109375;0.26953125;0.78125;0.12109375;0.23828125;0.34765625;0.12109375;0.04296875;0.5234375;0.01171875
0.86328125;0.0234375;0.328125;0.30078125;0.47265625;0.0546875;0.01171875;0.21484375;0.87109375;0.32421875;0.08984375;0.8125;1.1328125;0.50390625;0.19140625;0.85546875
0.125;0.04296875;0.02734375;0.05859375;0.39453125;0.609375;0.39453125;0.171875;0.10546875;0.87109375;0.87890625;0.10546875;0.03125;0.8046875;0.76171875;0.26171875
0.203125;0.1640625;0.41015625;0.22265625;0.33203125;0.20703125;0.5625;0.1953125;0.203125;0.09375;0.359375;0.41796875;0.03515625;0.109375;0.375;0.3359375
0.078125;0.23828125;0;0.71484375;0.50390625;0.90625;0.42578125;0.16015625;0.34765625;0.6328125;0.2578125;0.5078125;0.56640625;0.1796875;1.13671875;0.34375
0.27734375;0.1484375;0.68359375;0.03125;0.9296875;0.83203125;0.87109375;0.2890625;0.71875;0.5;0.63671875;0.03125;0.453125;0.23828125;0.55078125;0.046875
1.1015625;0.32421875;1.01171875;0.45703125;1.0234375;0.546875;0.72265625;0.34765625;1.1640625;0.4765625;0.80859375;0.34375;0.63671875;0.81640625;0.37109375;0.3203125
0.140625;0.17578125;0.4296875;0.015625;0.09375;0.15234375;0.21875;0.3515625;0.0859375;0.20703125;0.46484375;0.06640625;0.16796875;0.13671875;0.140625;0.4921875
0.41796875;0.375;0.09375;0.6015625;0.40625;0.3984375;0.2734375;0.96875;0.3828125;0.26171875;0.27734375;0.6796875;0.26171875;0.23828125;0.515625;0.94921875
0.28515625;0.1171875;0.34765625;0.23046875;0.43359375;0.359375;0.6015625;0.0625;0.24609375;0.42578125;0.1328125;0.19921875;0.203125;0.45703125;0.265625;0.09375
0.625;0.37890625;0.1796875;0.30859375;0.17578125;0.58203125;0.1953125;0.1328125;0.515625;0.31640625;0.3359375;0.3203125;0.0859375;0.7109375;0.43359375;0.0390625
0.1484375;0.23828125;0.16796875;0.7578125;0.0546875;0.2109375;0.03125;1.1796875;0.08984375;0.1328125;0.26953125;0.33984375;0.1640625;0.0390625;0.18359375;0.921875
0.5;0.44140625;0.46875;0.05078125;0.40234375;0.51171875;0.68359375;0.0703125;0.4140625;0.4140625;0.48046875;0.2265625;0.3046875;0.25390625;0.3671875;0.38671875
0.4375;1.16796875;0.50390625;0.91015625;0.44921875;0.4296875;0.4609375;0.1796875;0.60546875;0.9453125;1.03125;0.71484375;0.89453125;1.31640625;1.00390625;1.0625
0.00390625;0.62890625;0.05859375;0.29296875;0.09765625;0.50390625;0.5234375;0.63671875;0.06640625;0.265625;0.35546875;0.19921875;0.05078125;0.57421875;0.6015625;0.28515625
0.4609375;0.23046875;0.125;0.484375;0.49609375;0.30078125;0.45703125;0.7265625;0.828125;0.37890625;0.56640625;0.90234375;0.578125;0.234375;0.19140625;0.54296875
0.0078125;0.03515625;0.0078125;0.11328125;0.2265625;0.3203125;0.203125;0.12890625;0.2890625;0.2734375;0.15234375;0.3203125;0.69140625;0.7265625;0.46484375;0.17578125
0;0.01171875;0.03515625;0.6484375;0.08203125;0.046875;0.046875;0.38671875;0.11328125;0.07421875;0.11328125;0.8828125;0.16796875;0.1328125;0.125;1.0390625
0.16015625;0.046875;0.0546875;0.046875;0.2421875;0.4453125;0.4453125;0.45703125;0.26953125;0.609375;0.3984375;0.41796875;0.3203125;0.53125;0.234375;0.28515625
0.32421875;0.8671875;0.8671875;0.41796875;0.203125;1.0078125;0.921875;0.21484375;0.0625;1.109375;0.984375;0.125;0.19921875;0.9765625;0.8203125;0.28125
0.58203125;0.5703125;0.0234375;0.0546875;1.19921875;1.40625;0.1171875;0.171875;1.12890625;1.14453125;0.0546875;0.01171875;1.234375;0.55078125;0.48046875;0.25
0.765625;0.00390625;0.60546875;0.1640625;0.61328125;0.265625;0.86328125;0.19140625;0.70703125;0.15234375;0.51171875;0.015625;0.609375;0.1796875;0.77734375;0.140625
0;0.8515625;1.01171875;0.17578125;0.0546875;0.80078125;1.3515625;0.46484375;0.08984375;0.74609375;1.4375;0.56640625;0.46875;0.95703125;1.48046875;0.4609375
0.03515625;0.25390625;0.22265625;0.42578125;0.09375;0.4609375;0.53125;0.29296875;0.06640625;0.3125;0.08984375;0.46484375;0.140625;0.5546875;0.578125;0.390625
0.19921875;0.3828125;0.94140625;0.51953125;0.4140625;0.6171875;0.8984375;0.390625;0.1796875;0.3203125;0.65234375;0.29296875;0.38671875;0.36328125;0.3125;0.05859375
0.28515625;0.08203125;0.04296875;0.1953125;0.078125;0.265625;0.01171875;0.69140625;0.26953125;0.0625;0.03515625;0.53125;0.44921875;0.28125;0.140625;0.640625
0.171875;0.56640625;0.0625;0.58984375;0.03515625;0.9140625;0.140625;0.33203125;0.234375;0.10546875;0.1640625;0.29296875;0.0703125;1.1484375;0.21484375;0.3125
0.15234375;0.0703125;0.35546875;0.33203125;0.62890625;0.078125;0.52734375;0.3515625;0.08984375;0.046875;0.125;0.3046875;0.296875;0.0625;0.24609375;0.07421875
0.76953125;0.03125;0.5;0.5;1.1640625;0;0.5703125;0.16015625;0.99609375;0.05078125;0.4921875;0.30859375;1.22265625;0.203125;0.4921875;0.1171875
0.0703125;0.984375;0.421875;0.6328125;0.203125;0.54296875;0.453125;0.046875;0.6875;0.43359375;0.7421875;0.37109375;0.66015625;1.2890625;0.921875;0.51953125
0.76171875;0.328125;0.03515625;0.49609375;0.375;0.89453125;0.0234375;0.37890625;0.15234375;0.3203125;0;0.19921875;0.48828125;0.82421875;0.2265625;0.265625
0.078125;0.37890625;0.6171875;0.390625;0.19140625;0.0078125;0.078125;0.546875;0.2265625;0.296875;0.25;0.6953125;0.109375;0.23828125;0.3125;0.4453125
0.0390625;0.03515625;0.0234375;0.17578125;0.515625;0.921875;0.0859375;0.296875;0.09765625;0.44140625;0.05078125;0.20703125;0.44140625;0.51171875;0.1796875;0.0234375
0.04296875;0.4765625;1.72265625;1.48828125;0.03515625;0.53125;0.93359375;0.83984375;0.37890625;0.81640625;1.87109375;1.37109375;0.47265625;0.8515625;1.92578125;1.38671875
0.2265625;0.01171875;0.16796875;0.01171875;0.23046875;0.12109375;0.15234375;0.5078125;0.34375;0.09765625;0.23046875;0.33984375;0.23828125;0.05859375;0.1953125;0.203125
0.4609375;0.4765625;0.64453125;0.1640625;0.8046875;0.4765625;0.78125;0.41796875;0.375;0.81640625;0.5234375;0.3671875;0.37109375;0.55859375;0.62890625;0.2734375
0.10546875;0.3046875;0.26953125;0.1796875;0.62890625;0.09375;0.3359375;0.35546875;0.4921875;0.16015625;0.25390625;0.28125;0.37890625;0.09765625;0.21875;0.95703125
0.71875;0.06640625;0.5625;0.359375;0.3984375;0.14453125;0.7890625;0.37109375;0.5234375;0.14453125;0.86328125;0.52734375;0.56640625;0.078125;0.5234375;0.3515625
0.95703125;0.00390625;0.3125;0.17578125;1.15625;0.109375;0.09375;0.0234375;1.23828125;0.1484375;0.0703125;0.03515625;1.05078125;0.046875;0.046875;0.32421875
0.5859375;0.09375;0.078125;0.16015625;0.57421875;0.3515625;0.390625;0.765625;0.65234375;0.203125;0.01953125;0.1875;0.765625;0.703125;0.125;0.52734375
0.421875;1.01953125;0.19140625;0.41796875;0.30078125;1.30078125;0.15234375;0.4609375;0.20703125;1.18359375;0;0.3046875;0.11328125;0.46484375;0.21875;0.0859375
0.3515625;0.0234375;0.12890625;0.390625;0.33984375;0.390625;0.44140625;0.77734375;0.109375;0.1875;0.44140625;0.2265625;0;0.13671875;0.4140625;0.43359375
0.88671875;0.06640625;0.05078125;0.26953125;0.890625;0.79296875;0.1015625;0.453125;0.515625;0.20703125;0.08203125;0.671875;0.92578125;0.73828125;0.14453125;0.18359375
0.05078125;0.36328125;0.11328125;0.23046875;0.40234375;0.40625;0.25;0.109375;0.46875;0.47265625;0.35546875;0.1015625;0.16796875;0.1875;0.08984375;0.10546875
0.33203125;0.3515625;0.13671875;0.61328125;0.48828125;0.328125;0.390625;0.640625;0.58203125;0.20703125;0.12109375;0.7421875;0.73046875;0.0234375;0.06640625;0.90234375
0.18359375;0.76953125;0.0703125;0.95703125;0.3984375;1.09375;0.484375;1.28125;0.15625;1.03125;0.22265625;1.04296875;0.87890625;0.3046875;1.25390625;0.2734375
0.21875;0.16796875;0.83984375;0.4453125;0.1484375;0.234375;1.12109375;0.60546875;0.1171875;0.45703125;0.7421875;0.53125;0.12890625;0.18359375;1.171875;0.8515625
0.17578125;0.51171875;0.0234375;0.296875;0.0234375;0.2734375;0.01171875;0.13671875;0.01171875;0.3984375;0.04296875;0.234375;0.10546875;0.4296875;0.32421875;0.390625
0.1953125;0.28125;0.65625;0.5546875;0.67578125;0.83984375;0.91796875;0.7734375;0.4140625;0.01953125;0.09375;0.71875;0.859375;0.23046875;0.12890625;0.64453125
0.51953125;0.03515625;0.75390625;0.0703125;0.61328125;0.01171875;0.76171875;0.1796875;0.95703125;0.42578125;0.91015625;0.1328125;0.7265625;0.28125;0.82421875;0.015625
0.9453125;0.98046875;0.015625;0.515625;0.92578125;0.453125;0.42578125;0.546875;0.77734375;0.87890625;0.07421875;0.4140625;0.37890625;0.6640625;0.125;0.12109375
0.1328125;0.28125;0.203125;0.6796875;0.28515625;0.296875;0.60546875;0.57421875;0.1171875;0.09375;0.23828125;0.5546875;0.55859375;0.66015625;0.37890625;0.90234375
0.078125;0.0703125;0.33984375;0.03515625;0.05078125;0.14453125;0.35546875;0.04296875;0.15625;0.05859375;0.4140625;0.33203125;0.0625;0.125;0.2421875;0.2890625
0.6796875;0.16015625;0.875;0.22265625;0.9921875;0.2421875;1.44921875;0.5078125;0.1640625;0.21484375;0.484375;0.09765625;0.65234375;0.25390625;0.91015625;0.19921875
0.69140625;0.49609375;0.0390625;1.1171875;0.84765625;0.23828125;1.04296875;0.30078125;0.4140625;0.25;0.0859375;0.52734375;0.45703125;0.1796875;0.78515625;0.2578125
0.2109375;0.140625;0.296875;0.3046875;0.2421875;0.234375;0.18359375;0.5;0.48828125;0.47265625;0.22265625;0.30078125;0.046875;0.09375;0.36328125;0.40625
0.3359375;0.23046875;0.08984375;0.3203125;0.1796875;0.41015625;0.0234375;0.2265625;1.0546875;0.10546875;0.23046875;0.57421875;0.15234375;0.3046875;0.05859375;0.06640625
0.265625;0.109375;0.0078125;0.328125;0.56640625;0.2890625;0.1015625;0.390625;0.90625;0.24609375;0.15234375;0.88671875;0.8046875;0.22265625;0.12109375;0.86328125
0.01171875;0.5546875;0.5546875;0.85546875;0.23046875;0.41796875;0.2109375;0.58203125;0.1796875;0.35546875;0.1953125;0.6953125;0.22265625;0.40625;0.29296875;0.4296875
0.40625;0.44921875;0.02734375;0.41015625;0.453125;0.80078125;0.22265625;0.765625;0.03125;0.125;0.0546875;0.44140625;0.01171875;0.953125;0.5859375;0.25
1.10546875;0.52734375;0.18359375;0.44921875;1.140625;0.203125;0.015625;0.75390625;0.71875;0.40625;0.30859375;0.09375;0.3671875;0.51953125;0.3125;0.0625
0.51171875;0.55859375;0.2421875;0.8046875;0.515625;0.56640625;0.18359375;0.72265625;0.265625;0.6796875;0.609375;0.76953125;0.28515625;0.0859375;0.2734375;0.51953125
0.16796875;0.546875;0.5234375;0.28125;0.21875;0.71484375;0.6875;0.2890625;0.06640625;0.4140625;0.171875;0.21875;0.29296875;0.93359375;0.76171875;0.21484375
0.13671875;0.11328125;0.61328125;0.23046875;0.3046875;0.1171875;0.2734375;0.54296875;0.640625;0.03515625;0.578125;0.6875;0.6796875;0.46484375;0.6015625;0.5078125
0.28125;0.3203125;0.07421875;0.0859375;0.5859375;1.08203125;0.04296875;0.09765625;0.41796875;0.4375;0.16015625;0.12890625;0.58984375;0.9453125;0.02734375;0.09765625
0.45703125;0.4453125;0.1796875;0.05859375;0.06640625;0.41015625;0.21484375;0.1328125;0.13671875;0.1484375;0.07421875;0.34765625;0.2578125;0.08203125;0.01953125;0.1796875
0.9765625;0.83203125;0.20703125;0.11328125;0.5859375;0.38671875;0.47265625;0.1015625;0.875;0.6796875;0.1015625;0.1953125;0.56640625;0.2578125;0.1484375;0.26171875
0.01953125;0.12109375;0.48046875;0.65234375;0.02734375;0.0234375;0.51953125;0.19921875;0.39453125;0.07421875;0.3984375;0.48046875;0.01953125;0.1875;0.50390625;0.26171875
0.53125;0.6796875;0.61328125;0.4765625;0.69921875;0.4765625;0.5703125;0.16015625;0.76171875;0.7890625;0.390625;0.37890625;0.4296875;0.69921875;0.71875;0.453125
0.3203125;0.47265625;0.98046875;0.33203125;0.11328125;0.0625;0.9609375;0.6171875;0.1484375;0.08203125;0.30078125;0.24609375;0.05078125;0.0625;0.61328125;0.45703125
0.203125;0.74609375;0.50390625;0.0078125;0.0625;0.3125;0.37890625;0.390625;0.01953125;0.3125;0.25;0.03125;0.21875;0.19140625;0.109375;0.03515625
0.421875;0.5546875;0.29296875;0.3671875;0.75;0.88671875;0.2578125;0.56640625;0.54296875;0.60546875;0.21875;0.4765625;0.7421875;0.88671875;0.28515625;0.27734375
0.34375;0.63671875;0.48046875;0.37890625;0.90625;1.03515625;0.28515625;0.078125;0.6640625;0.47265625;0.1640625;0.1640625;0.546875;0.62890625;0.578125;0.09375
0.00390625;0.1484375;0.42578125;0.16015625;0.0703125;0.19140625;0.16796875;0.35546875;0.23046875;0.1171875;0.15234375;0.4375;0.453125;0.21484375;0.22265625;0.2734375
0.9453125;0.0859375;0.75390625;0.58984375;0.625;0.26171875;0.9765625;0.4375;0.73046875;0.07421875;0.875;0.3203125;0.4140625;0.48046875;0.80078125;0.70703125
0.4921875;0.23828125;0.11328125;0.48828125;0.27734375;0.51171875;0.13671875;0.21875;0.21484375;0.33203125;0.046875;0.55078125;0.421875;0.0546875;0.33203125;0.53515625
0.11328125;0.31640625;0.46484375;0.25;0.46875;0.33984375;0.12109375;0.109375;0.3125;0.21875;0.37890625;0.2890625;0.33984375;0.03125;0.49609375;0.28515625
0.1484375;0.6640625;0.16015625;0.9765625;0.1953125;0.58203125;0.390625;1.0625;0.14453125;0.203125;0.23828125;0.0625;0.10546875;0.1015625;0.2734375;0.15625
0.44140625;0.5859375;0.30078125;0.0625;0.69140625;0.62109375;0.30078125;0.078125;0.45703125;0.6953125;0.2109375;0.078125;1.05859375;0.21484375;0.05078125;0.1484375
0.359375;0.4296875;0.453125;0.16796875;0.234375;0.12109375;0.47265625;0.0703125;0.3828125;0.48828125;0.6796875;0.01171875;0.234375;0.79296875;0.6640625;0.05078125
0.18359375;0.0625;0.4453125;0.14453125;0.91015625;0.29296875;0.37109375;0.6640625;0.69921875;0.0859375;0.19921875;0.14453125;1.09765625;0.4375;0.0859375;0.1796875
0.65234375;0.34765625;0.45703125;0.94140625;0.5546875;0.1015625;0.37109375;1.10546875;0.3984375;0.34765625;0.296875;1.2265625;0.28125;0.2890625;0.34375;1.0390625
1.3984375;0.39453125;0.5859375;0.58203125;0.94921875;0.03125;0.62890625;0.21484375;1.26171875;0.44140625;0.46875;0.51171875;0.734375;0.3984375;0.14453125;0.2578125
0.26953125;0.625;0.5;0.171875;0.59765625;0.58984375;0.11328125;0.375;0.3125;0.28125;0.265625;0.1796875;0.4453125;1.28515625;0.140625;0.32421875
0.3671875;0.86328125;0.234375;0.4296875;0.5390625;0.71875;0.41796875;0.52734375;0.65234375;0.703125;0.56640625;0.53125;0.15625;1.0078125;0.17578125;0.38671875
0.359375;0.4296875;0.19140625;0.03125;0.828125;0.80859375;0.0859375;0.21484375;0.08203125;0.32421875;0.05859375;0.1796875;0.2265625;0.60546875;0.015625;0.12890625
0.5703125;0.56640625;0.4765625;0.82421875;0.6171875;0.4609375;0.7109375;0.62890625;0.24609375;0.04296875;0.3125;0.38671875;0.26171875;0.4921875;0.81640625;0.5546875
0.25390625;0.31640625;0.5390625;0.0546875;0.3359375;0.03125;0.28125;0.2265625;0.3984375;0.1328125;0.23828125;0.31640625;0.3046875;0.03515625;0.1953125;0.1171875
0.7734375;1.19140625;0.34375;0.3984375;0.1640625;1.83203125;1.05078125;0.30859375;0.421875;1.23828125;0.46875;0.08203125;0.07421875;0.8515625;0.328125;0.04296875
0.171875;0.4453125;0.08984375;0.69140625;0.1875;0.62890625;0.265625;0.41796875;0.04296875;0.4921875;1.0078125;0.03125;0.046875;0.67578125;0.8046875;0.0234375
0.1640625;0.6875;0.09375;0.1640625;0.0625;0.91015625;0.10546875;0.13671875;0.03125;0.95703125;0.01171875;0.0234375;0.2890625;0.625;0.02734375;0.00390625
0.03515625;0.6640625;0.28125;0.046875;0.34375;0.73828125;0.30078125;0.03125;0.1875;0.27734375;0.34375;0.03515625;0.5546875;0.65625;0.51953125;0.03125
0.6328125;0.50390625;0.171875;0.73046875;0.48828125;0.7734375;0.03515625;1;0.37890625;0.55859375;0.1328125;0.765625;0.39453125;0.0234375;0.2578125;0.1328125
0.39453125;0.4765625;0.09765625;0.921875;0.3125;0.2734375;0.2890625;0.83984375;0.640625;0.47265625;0.42578125;0.46875;0.31640625;0.29296875;0.54296875;0.1796875
0.921875;0.078125;0.0078125;0.1328125;1.19921875;0.19140625;0.109375;0.1796875;0.68359375;0.26953125;0.015625;0.0078125;1.26953125;0.34375;0.53125;0.2265625
0.046875;0;0.01171875;0.35546875;0.12109375;0.109375;0.30078125;0.4140625;0.26171875;0.09375;0.41015625;0.66796875;0.1015625;0.2421875;0.36328125;0.5
0.27734375;0.2890625;0.02734375;0.29296875;0.16015625;0.48046875;0.6015625;0.46875;0.24609375;0.359375;0.19921875;0.140625;0.265625;0.23828125;0.359375;0.00390625
0.03125;0.11328125;0.046875;0.0078125;0.56640625;0.1015625;0.39453125;0.16015625;0.47265625;0.30859375;0.11328125;0.17578125;0.15625;0.21484375;0.1015625;0.25390625
0.64453125;0.15234375;0.9375;0.65625;0.109375;0.61328125;0.53125;0.19140625;0.58984375;0.015625;0.85546875;0.703125;0.5625;0.17578125;0.578125;0.65234375
0.12890625;0.17578125;0.96484375;0.7265625;0.2421875;0.58203125;0.7890625;0.91796875;0.2265625;0.06640625;0.515625;0.6875;0.0078125;0.6171875;0.84375;0.7890625
0.4609375;0.34375;0.53125;0.46484375;0.76171875;0.27734375;0.671875;0.4375;0.70703125;0.34765625;0.89453125;0.44140625;0.3359375;0.33984375;0.375;0.3828125
0.38671875;0.31640625;0.15234375;0.08203125;0.1875;0.26953125;0.0625;0.046875;0.03125;0.14453125;0.15625;0.0859375;0.25390625;0.1875;0.1875;0.0234375
0.65234375;0.26953125;0.12890625;0.5703125;0.94140625;0.625;1.0234375;0.5234375;0.41015625;0.19140625;0.09765625;0.375;0.546875;0.37890625;0.35546875;0.5625
0.0234375;0.2890625;0.45703125;0.28125;0.63671875;0.125;0.46484375;0.11328125;0.7265625;0.0703125;0.12890625;0.265625;0.46875;0.0703125;0.328125;0.23046875
0.66796875;0.203125;0.21484375;0.62109375;0.02734375;0.67578125;0.5234375;0.9140625;0.12890625;0.3046875;0.20703125;0.65234375;0.0390625;0.03125;0.28125;0.11328125
0.23046875;0.01953125;0.1171875;0.26953125;0.35546875;0.30859375;0.05859375;0.109375;0.3671875;0.1953125;0.14453125;0.12890625;0.18359375;0.046875;0.42578125;0.1171875
0.53125;0.4375;0.4921875;0.0859375;0.578125;0.40234375;0.76953125;0.265625;0.46484375;0.234375;0.8125;0.234375;0.546875;0.6796875;0.33203125;0.01953125
0.27734375;0.15625;0.3515625;0.51953125;0.39453125;0.16015625;0.17578125;0.0859375;0.27734375;0.49609375;0.26171875;0.42578125;0.34375;0.8828125;0.0625;0.3828125
0.2578125;0.2265625;0.7421875;0.43359375;0.48046875;0.01171875;0.7578125;0.59375;0.44140625;0.19921875;0.71875;0.59765625;0.16015625;0.28515625;0.3125;0.13671875
0.9140625;0.015625;0.609375;0.4765625;0.9453125;0.01953125;0.53515625;0.4296875;0.39453125;0.1875;0.38671875;0.3046875;0.13671875;0;0.1953125;0.21484375
1.32421875;0.66796875;0.56640625;0.14453125;1.66796875;0.69140625;0.671875;0.3203125;1.0078125;0.65234375;0.46484375;0.33984375;1.6171875;0.42578125;0.375;0.515625
0.171875;0.1875;0.08984375;0.63671875;0.1015625;0.01953125;0.16015625;0.0625;0.08984375;0.1328125;0.375;0.6796875;0.18359375;0.19140625;0.8046875;1.32421875
0.15234375;0.390625;0.3125;0.0703125;0.37109375;0.41015625;0.3125;0.31640625;0.40625;0.15234375;0.296875;0.19921875;0.18359375;0.16015625;0.17578125;0.06640625
0.46875;0.125;0.328125;0.65234375;0.37890625;0.09765625;0.21484375;0.60546875;0.5703125;0.09765625;0.3984375;0.9453125;0.55859375;0.24609375;0.4375;0.90234375
0.58203125;0.09375;1.19140625;0.31640625;0.50390625;0.48046875;0.9140625;0.40234375;0.5859375;0.03515625;1.046875;0.32421875;0.60546875;0.0234375;0.625;0.21484375
1.69921875;0.1953125;0.9375;0.4375;1.78125;0.03515625;0.53125;0.125;1.3671875;0.01171875;0.90234375;0.0703125;1.875;0.25390625;0.25390625;0.06640625
0.53125;0.37890625;0.15234375;0.0390625;0.41796875;0.140625;0.13671875;0.078125;0.3515625;0.453125;0.2109375;0.23828125;0.609375;0.33203125;0.25;0.07421875
0.22265625;0.50390625;0.34375;0.3359375;0.2421875;0.5390625;0.0234375;0.07421875;0.19140625;0.1328125;0.13671875;0.09375;0.421875;0.2578125;0.03515625;0.00390625
0.61328125;0.10546875;0.015625;0.15234375;0.3515625;0.30859375;0.90625;0.4921875;0.24609375;0.00390625;0.14453125;0.0625;0.37890625;0.1171875;0.53125;0.203125
0.3125;0.359375;0.16015625;0.109375;0.1875;0.6640625;0.24609375;0.50390625;0.1953125;0.34765625;0.265625;0.53515625;0.24609375;0.72265625;0.0390625;0.5390625
0.37890625;0.30078125;0.859375;0.01171875;0.359375;0.17578125;0.26171875;0.26953125;0.4921875;0.46875;0.05859375;0.08203125;0.10546875;0.0703125;0.265625;0.1953125
0.984375;0.42578125;0.15625;1.4453125;0.8671875;0.2890625;0.078125;0.859375;0.81640625;0.1015625;0.296875;0.171875;0.90234375;0.01171875;0.17578125;0.2734375
0.55859375;0.765625;1.21484375;0.2421875;0.3203125;0.5625;1.3671875;0.1328125;0.4453125;0.17578125;1.1015625;0.20703125;0.2109375;1.1640625;1.30859375;0.015625
0.4375;0.42578125;0.4921875;0.0078125;0.4921875;0.34765625;0.6328125;0.16015625;0.4609375;0.16015625;0.3828125;0.13671875;0.6484375;0.25;0.72265625;0.26953125
0.578125;0.19921875;0.00390625;0.33984375;0.546875;0.64453125;0.2734375;0.3515625;0.1640625;0.171875;0.109375;0.2734375;0.078125;0.37109375;0.34375;0.17578125
0.3046875;0.3359375;0.6953125;0.00390625;0.65234375;0.29296875;0.65234375;0.09765625;0.10546875;0.24609375;0.26171875;0.40625;0.3984375;0.26953125;0.28515625;0.0078125
0.390625;0.56640625;0.3046875;0.10546875;0.43359375;0.80078125;0.30859375;0.23828125;0.28125;0.52734375;0.1171875;0.03515625;0.375;0.8515625;0.390625;0.41796875
0.33984375;0.17578125;0.8046875;0.56640625;0.34375;0.15625;0.33984375;0.20703125;0.40234375;0.11328125;0.73828125;0.234375;0.06640625;0.00390625;0.86328125;0.24609375
0.203125;0.00390625;0.2265625;0.12890625;0.84375;0.4375;0.5;0.359375;0.08984375;0.22265625;0.44921875;0.10546875;0.4296875;0.15234375;0.921875;0.09375
1.1484375;0.28125;0.0703125;0.5546875;0.87109375;0.07421875;0.3359375;0.03515625;1.078125;0.203125;0.171875;0.21875;1.18359375;0.3984375;0.140625;0.39453125
0.25390625;1.43359375;1.34765625;0.06640625;0.1328125;0.41015625;0.82421875;0.1171875;0.296875;1.3671875;1.19140625;0.16796875;0.21875;0.97265625;0.671875;0.36328125
0.58984375;0.3046875;0.5546875;0.05078125;0.29296875;0.09375;0.5546875;0.171875;0.59375;0.41015625;0.359375;0.02734375;0.02734375;0.01171875;0.50390625;0.41015625
0.453125;0.83984375;0.15234375;0.01953125;0.44921875;0.60546875;0.00390625;0.29296875;0.65625;0.71484375;0.3046875;0.1328125;0.34765625;0.984375;0.05859375;0.2265625
1.10546875;0.8203125;0.35546875;0;0.953125;0.56640625;0.5;0.2421875;0.3046875;0.01953125;0.02734375;0.19921875;0.67578125;0.36328125;0.23828125;0.109375
1.36328125;0.12109375;0.9140625;0.33984375;0.984375;0.51953125;0.734375;0.57421875;0.6875;0.19921875;0.47265625;0.12109375;0.46484375;0.5546875;0.5078125;0.21484375
0.359375;0.1171875;0.16015625;0.42578125;0.0703125;0.23828125;0.07421875;0.35546875;0.2734375;0.296875;0.06640625;0.2734375;0.23828125;0.3046875;0.34375;0.1015625
0.66796875;0.1015625;0.19140625;0.69140625;0.09765625;0.48046875;0.16796875;0.6953125;0.33984375;0.34375;0.421875;0.12109375;0.0703125;0.19140625;0.38671875;0.48046875
0.40234375;0.51171875;0.42578125;0.2734375;0.2890625;0.51171875;0.41796875;0.09765625;0.14453125;0.48828125;0.3046875;0.23046875;0.23046875;0.37890625;0.51953125;0.28125
0.47265625;0.01171875;0.26171875;0.03125;0.0859375;0.578125;0.22265625;0.1953125;0.0390625;0.39453125;0.08203125;0.38671875;0.50390625;0.45703125;0.29296875;0.45703125
0.20703125;0.0234375;0.10546875;0.328125;0.10546875;0.3515625;0.23046875;0.71875;0.0859375;0.15625;0.25;0.5546875;0.125;0.0859375;0.09765625;1.21484375
0.61328125;0.59765625;0.47265625;0.02734375;0.70703125;0.45703125;0.18359375;0.14453125;0.46875;0.55859375;0.49609375;0.14453125;0.21484375;0.19921875;0.2890625;0.0703125
0.66015625;1.23828125;0.5546875;1.15234375;0.609375;1.15625;0.375;0.97265625;0.75;0.89453125;1.0859375;0.71484375;0.3125;0.55859375;0.6640625;0.4375
0.30859375;0.50390625;0.5546875;0.1953125;0.23046875;0.60546875;0.60546875;0.13671875;0.24609375;0.59765625;0.28515625;0.31640625;0.00390625;0.51171875;0.5078125;0.0703125
0.44921875;0.19140625;0.4375;0.4921875;0.13671875;0.2265625;0.4921875;0.38671875;0.2265625;0.30859375;0.609375;0.58203125;0.3125;0.28515625;0.4453125;0.66015625
0.359375;0.20703125;0.33984375;0.19921875;0.65234375;0.1953125;0.69921875;0.34375;0.17578125;0.67578125;0.1328125;0.390625;0.55078125;0.87890625;0.34765625;0.1328125
0.21875;0.06640625;0.1953125;0.671875;0.265625;0.03515625;0.06640625;0.35546875;0.1640625;0.0546875;0.02734375;0.765625;0.125;0.12109375;0.0234375;0.76953125
0.109375;0.99609375;0.78515625;0.68359375;0.44140625;0.390625;0.44921875;0.21484375;0.03125;0.8828125;0.7109375;0.5859375;0.03515625;0.51171875;0.34765625;0.2890625
0.08984375;0.7109375;0.53125;0.015625;0.4140625;0.97265625;0.8359375;0.54296875;0.30078125;0.40625;0.36328125;0.28515625;0.05859375;1.2890625;1.1640625;0.11328125
0.91796875;1.00390625;0.0078125;0.18359375;1.1953125;0.7578125;0.10546875;0.140625;1.5390625;0.96484375;0.015625;0.19921875;0.609375;1.04296875;0.05859375;0.3828125
0.16796875;0.453125;1.0234375;0.0390625;0.59375;0.22265625;1.0859375;0.09765625;0.25390625;0.10546875;0.31640625;0.02734375;0.38671875;0;0.5390625;0.01953125
0.62109375;0.4375;0.82421875;0.2265625;0.171875;1.08984375;1.02734375;0.05078125;0.26171875;0.2421875;0.42578125;0.15625;0.421875;0.6875;0.9921875;0.38671875
0.046875;0.265625;0.46875;0.28125;0.0625;0.53125;0.515625;0.40234375;0.03125;0.5390625;0.45703125;0.30859375;0.0234375;0.40625;0.08203125;0.4765625
0.0234375;0.05078125;0.60546875;0.01953125;0.44921875;0.72265625;0.765625;0.55078125;0.08203125;0.12109375;0.90625;0.6484375;0.15234375;0.10546875;0.046875;0.03125
0.16796875;0.0859375;0.03515625;0.76953125;0.23046875;0.140625;0.16796875;0.62890625;0.53125;0.36328125;0.17578125;0.63671875;0.3671875;0.484375;0.06640625;0.64453125
0.234375;0.97265625;0.06640625;0.7734375;0.1640625;1.07421875;0.16015625;0.43359375;0.37109375;0.90234375;0.09375;0.375;0.1796875;0.96875;0.13671875;0.53515625
0.078125;0.078125;0.12109375;0.17578125;0.15625;0.0390625;0.2890625;0.3125;0.1953125;0.01953125;0.1796875;0.06640625;0.46875;0.02734375;0.45703125;0.26171875
0.46484375;0.12890625;0.3984375;0.69140625;0.29296875;0.046875;0.34375;0.95703125;0.76953125;0.02734375;0.33984375;0.33203125;0.42578125;0.18359375;0.0859375;0.05859375
0.39453125;1.19921875;0.3671875;0.68359375;0.140625;1.359375;0.41796875;0.53125;0.83984375;0.6328125;0.82421875;0.28515625;0.43359375;0.03125;0.25;0.3046875
0.52734375;0.38671875;0.26171875;0.08203125;0.578125;0.56640625;0.3359375;0.14453125;0.80078125;0.328125;0.0703125;0.28125;0.265625;0.51171875;0.36328125;0.19921875
0.04296875;0.34765625;0.74609375;0.36328125;0.29296875;0.0078125;0.16015625;0.23828125;0.375;0.09765625;0.30859375;0.41796875;0.3984375;0.1484375;0.28125;0.44921875
0.26171875;0.44140625;0.3046875;0.40234375;0.69140625;1.21875;0.21484375;0.13671875;0.2421875;0.16796875;0.15234375;0.07421875;0.47265625;0.625;0.0625;0.3828125
0.359375;0.26171875;1.76953125;1.09375;0;0.0625;1.44921875;1.16015625;0.125;0.5546875;1.546875;1.3515625;0.31640625;0.54296875;1.45703125;1.046875
0.28125;0.01953125;0.046875;0.69921875;0.484375;0.1875;0.484375;0.265625;0.1640625;0.09375;0.07421875;0.65234375;0.046875;0.23828125;0.203125;0.328125
0.8984375;0.2421875;0.6171875;0.73046875;0.63671875;0.28125;1.01171875;0.11328125;0.59375;0.078125;0.4375;0.76953125;0.6328125;0.83203125;0.66796875;0.109375
0.46484375;0.17578125;0.3203125;0.046875;0.421875;0.02734375;0.06640625;0.12890625;0.63671875;0.08984375;0.04296875;0.0546875;0.421875;0.265625;0.4921875;0.1328125
0.04296875;0.16015625;0.60546875;0.28125;0.546875;0.09375;0.82421875;0.6875;0.04296875;0.09375;0.30859375;0.12109375;0.18359375;0.125;0.5859375;0.3203125
1.03125;0.24609375;0.08984375;0.34765625;0.9609375;0.01953125;0.3125;0.0546875;0.484375;0.16015625;0.02734375;0.16796875;0.62890625;0.0390625;0.125;0.109375
0.39453125;0.23828125;0.3046875;0.328125;0.79296875;0.57421875;0.3359375;0.66796875;0.6796875;0.5;0.68359375;0.828125;0.75390625;0.265625;0.2421875;0.46875
0.14453125;0.98046875;0.03125;0.03515625;0.28515625;0.9609375;0.25;0.49609375;0.51953125;0.7578125;0.1796875;0.34375;0.17578125;0.1171875;0.1953125;0.07421875
0.0234375;0.48828125;0.625;0.5390625;0.14453125;0.13671875;0.59765625;0.5703125;0.0625;0.03515625;0.43359375;0.5;0.3203125;0.11328125;0.328125;0.75
1.1328125;0.42578125;0.19140625;0.55859375;0.91796875;0.69921875;0.06640625;0.60546875;0.671875;0.4375;0.203125;0.7109375;1.16796875;0.91015625;0.13671875;0.31640625
0.21484375;0.265625;0.2890625;0.34375;0.16015625;0.24609375;0.02734375;0.30078125;0.29296875;0.1328125;0.02734375;0.09765625;0.1484375;0.484375;0.25390625;0.03515625
0.2421875;0.45703125;0.1171875;0.45703125;0.3515625;0.28515625;0.23046875;0.6796875;0.49609375;0.296875;0.18359375;0.51953125;0.05859375;0.35546875;0.265625;0.0703125
0.62890625;0.4453125;0.23046875;0.25;0.37109375;0.35546875;0.3203125;0.40234375;0.3046875;1.25390625;0.109375;1.50390625;0.90234375;1.359375;0.26171875;1.77734375
0.33203125;0.3203125;0.76953125;0.3203125;0.07421875;0.21484375;1.28515625;0.58984375;0.01171875;0.49609375;1.375;0.58203125;0.21875;0.0625;0.77734375;0.49609375
0.15234375;0.33203125;0.05859375;0.375;0.13671875;0.4609375;0.12109375;0.1484375;0.02734375;0.328125;0.0390625;0.1953125;0.2421875;0.1796875;0.24609375;0.32421875
0.01171875;0.46484375;0.8125;0.83203125;0.7109375;0.48828125;0.4609375;0.3046875;0.0078125;0.48046875;0.81640625;0.9609375;0.55859375;0.28515625;0.28125;0.23046875
0.83984375;0.15625;0.921875;0.07421875;0.87109375;0.4453125;0.859375;0.09375;0.453125;0.55859375;0.51171875;0.0078125;0.33203125;0.3828125;0.4453125;0.140625
0.52734375;0.578125;0.01953125;0.375;0.6328125;0.84765625;0.1015625;0.4375;0.61328125;0.7265625;0.078125;0.69140625;0.71875;0.64453125;0.18359375;0.1953125
0.31640625;0.43359375;0.078125;0.6875;0.4453125;0.2421875;0.62109375;0.31640625;0.62890625;0.59375;0.5078125;0.64453125;0.3125;0.28515625;0.671875;0.5546875
0.12890625;0.04296875;0.44140625;0.79296875;0.0390625;0.08984375;0.3515625;0.12890625;0.12890625;0.0546875;0.48046875;0.8984375;0.1171875;0.125;0.40234375;0.2421875
0.73046875;0.37890625;1.23046875;0.6171875;0.296875;0.08984375;0.546875;0.05078125;0.6015625;0.0625;0.78125;0.0546875;0.4375;0.31640625;0.8359375;0.3359375
0.81640625;0.32421875;0.58984375;0.6328125;0.546875;0.19140625;0.0078125;0.6171875;0.61328125;0.296875;0.35546875;0.80859375;0.69921875;0.078125;0.93359375;0.0234375
0.0390625;0.0234375;0.203125;0.46484375;0.37890625;0.265625;0.05859375;0.20703125;0.08203125;0.125;0.11328125;0.5625;0.1640625;0.171875;0.30078125;0.54296875
0.07421875;0.73828125;0.08203125;0.02734375;0.0234375;0.453125;0;0.0703125;0.41015625;0.08984375;0.03515625;0.265625;0.04296875;0.3671875;0.1015625;0.0546875
0.3671875;0.0703125;0.15625;0.45703125;0.64453125;0.30859375;0.0234375;0.453125;0.77734375;0.26953125;0.078125;0.8828125;0.98828125;0.11328125;0.17578125;1.26953125
0.31640625;0.23828125;0.16015625;0.453125;0.00390625;0.56640625;0.4765625;0.625;0.25390625;0.359375;0.32421875;0.76171875;0.02734375;0.3359375;0.1953125;0.34375
0.46875;0.84765625;0.171875;0.5078125;0.12890625;0.546875;0.30078125;0.3203125;0.2109375;0.73046875;0.23046875;0.21484375;0.27734375;1.3671875;0.734375;1.05859375
0.3671875;0.3359375;0.22265625;0.06640625;0.33984375;0;0.23828125;0.17578125;0.4296875;0.03515625;0.29296875;0.109375;0.8515625;0.23828125;0.09765625;0.51953125
0.34765625;1.03515625;0.62109375;0.9140625;0.44921875;0.47265625;0.29296875;0.796875;0.47265625;0.68359375;0.3359375;0.87109375;0.08203125;0.33203125;0.48828125;0.5546875
0.10546875;0.37890625;0.3515625;0.3046875;0.36328125;0.73046875;0.80859375;0.2421875;0.4296875;0.63671875;0.640625;0.16015625;0.12890625;0.62890625;0.56640625;0.3046875
0.703125;0.30859375;1.03125;0.73828125;0.60546875;0.2421875;0.6796875;0.77734375;0.03515625;0.05078125;0.4453125;0.37109375;0.3125;0.5;0.44921875;0.33984375
0.453125;0.57421875;0.00390625;0.0625;0.18359375;0.5546875;0.5625;0.390625;0.4296875;0.4609375;0.16796875;0.0703125;0.40625;0.8203125;0.05078125;0.046875
0.046875;0.5234375;0.26171875;0.15625;0.26171875;0.47265625;0.2265625;0.23828125;0.140625;0.109375;0.01953125;0.0859375;0.15625;0.09375;0;0.05859375
0.5703125;0.421875;0.21875;0.08203125;0.80078125;0.5078125;0.10546875;0.0390625;0.75;0.69140625;0.5390625;0.2578125;0.63671875;0.21875;0.08984375;0.32421875
0.02734375;0.0078125;0.20703125;0.21484375;0.68359375;0.33984375;0.38671875;0.1015625;0.1796875;0.1484375;0.30078125;0.21875;0.171875;0.05078125;0.5390625;0.28515625
0.4140625;0.8125;0.41796875;0.77734375;0.3828125;0.30078125;0.828125;0.375;0.3984375;0.78515625;0.390625;0.7578125;0.45703125;0.03515625;0.80078125;0.078125
0.203125;0.10546875;0.84375;0.41015625;0.03515625;0.0234375;0.4453125;0.28515625;0.234375;0.00390625;0.50390625;0.5234375;0.1953125;0.0078125;0.5390625;0.30859375
0.125;0.58203125;0.01953125;0.1953125;0.0234375;0.546875;0.5;0.21875;0.0703125;0.28515625;0.5078125;0.01953125;0.10546875;0.00390625;0.19921875;0.00390625
0.390625;0.3515625;0.0078125;0.52734375;0.40234375;0.546875;0.3359375;0.34375;0.91796875;1.1796875;0.38671875;0.52734375;0.72265625;0.78125;0.09765625;0.56640625
0.875;1.20703125;0.94921875;0.45703125;0.984375;0.97265625;0.421875;0.328125;0.50390625;0.55078125;0.12890625;0.07421875;0.8203125;0.91796875;0.24609375;0.2734375
0.1484375;0.40625;0.390625;0.26171875;0.2578125;0.03125;0.15625;0.34375;0.39453125;0.234375;0.03515625;0.2421875;0.14453125;0.19921875;0.05859375;0.421875
0.31640625;0.48828125;0.6015625;0.63671875;0.75;0.03125;0.80078125;0.484375;0.7734375;0.27734375;0.90234375;0.578125;0.21484375;0.03515625;0.1796875;0.38671875
0.5703125;0.1484375;0.2109375;0.57421875;0.49609375;0.17578125;0.1953125;0.515625;0.59765625;0.05859375;0.2265625;0.68359375;0.81640625;0.53515625;0.43359375;0.61328125
0.16796875;0.03125;0.37109375;0.23828125;0.2265625;0.21875;0.4140625;0.28515625;0.73828125;0.03515625;0.21875;0.2421875;0.03515625;0.03125;0.46875;0.2578125
0.3046875;0.23046875;0.203125;0.37890625;0.11328125;0.53515625;0.1015625;0.54296875;0.13671875;0.69921875;0.03515625;0.92578125;0.05078125;0.40625;0.3984375;0.34765625
0.1953125;0.82421875;0.44921875;0.05078125;0.62109375;0.41796875;0.16015625;0.37890625;0.47265625;0.42578125;0.03125;0.60546875;0.59765625;0.58203125;0.34765625;0.1875
0.6484375;0.28125;0.52734375;0.66015625;0.51953125;0.28125;0.76953125;0.01953125;0.29296875;0.26171875;0.3671875;0.171875;0.16015625;0.20703125;0.2421875;0.37890625
0.3828125;0.109375;0.5390625;0.29296875;0.76953125;0.1953125;0.046875;0.20703125;0.4375;0.01953125;0.54296875;0.16796875;0.734375;0.296875;0.0546875;0.36328125
0.7421875;0.46484375;0.41796875;1.19140625;0.8515625;0.703125;0.3125;0.94140625;0.57421875;0.6328125;0.16015625;0.359375;0.46875;0.3125;0.17578125;0.44921875
0.77734375;0.09375;0.375;0.25;0.74609375;0.125;0.28515625;0.390625;0.73828125;0.2421875;0.54296875;0.4140625;0.91015625;0.421875;0.26953125;0.2265625
0.16015625;0.9375;0.24609375;0.046875;0.55078125;0.40234375;0.28125;0.26953125;0.484375;1.12109375;0.07421875;0.28515625;0.6171875;0.546875;0.2109375;0.390625
0.51171875;0.55078125;0.1640625;0.2265625;0.29296875;0.6640625;0.1640625;0.3203125;0.52734375;0.49609375;0.12109375;0.21875;0.42578125;0.44140625;0.1015625;0.328125
0.44140625;0.71875;0.1796875;0.30859375;0.171875;0.3359375;0.00390625;0.1171875;0.4296875;0.49609375;0.109375;0.02734375;0.1953125;0.5234375;0.0625;0.21484375
0.546875;0.19921875;0.68359375;0.68359375;0.19921875;0.65625;0.62109375;0.546875;0.65234375;0.0078125;0.51171875;1.0234375;0.49609375;0.29296875;1.0078125;0.94140625
0.015625;0.05078125;0.03125;0.0859375;0.3828125;0.18359375;0.484375;0.16796875;0.3671875;0.1796875;0.52734375;0.20703125;0.265625;0.1640625;0.02734375;0.16015625
0.7734375;1.875;0.90625;0.21484375;0.203125;1.51953125;0.98046875;0.4453125;0.20703125;1.06640625;0.4609375;0.05078125;0.20703125;1.44921875;0.91796875;0.41796875
0.046875;0.109375;0.29296875;0.5234375;0.07421875;0.6328125;0.50390625;0.04296875;0.1484375;1.015625;0.52734375;0.375;0.0859375;0.45703125;1.16796875;0.1953125
0.47265625;0.7578125;0.15234375;0.21875;0.24609375;0.5234375;0.125;0.08203125;0.19921875;1.02734375;0.15234375;0.09765625;0.03515625;0.1015625;0.00390625;0.24609375
0.2421875;0.828125;0.6875;0.16796875;0.2109375;0.5859375;0.15234375;0.07421875;0.23828125;0.703125;0.62890625;0.11328125;0.46875;1.05078125;0.4140625;0.05078125
0.32421875;0.12890625;0.140625;0.2421875;0.4375;0.30859375;0.32421875;0.671875;0.26171875;0.6953125;0.66015625;1.06640625;0.640625;0.3359375;0.09375;0.6484375
0.63671875;0.1171875;0.12109375;0.52734375;0.390625;0.515625;0.22265625;0.734375;0.484375;0.62890625;0.02734375;0.96875;0.6015625;0.98828125;0.265625;0.70703125
0.77734375;0.0625;0.234375;0.046875;1.33203125;0.25390625;0.203125;0.37890625;1.24609375;0.41015625;0.19921875;0.44921875;0.96875;0.015625;0.03515625;0.03515625
0.73046875;0.73828125;0.98828125;1.20703125;0.2734375;0.2265625;0.3359375;0.8203125;0.140625;0.23828125;0.27734375;0.4765625;0.31640625;0.2734375;0.6640625;0.4609375
0.21875;0.37890625;0.0703125;0.26953125;0.08984375;0.140625;0.22265625;0.90625;0.12109375;0.265625;0.24609375;0.43359375;0.04296875;0.0546875;0.7421875;0.1171875
0.3515625;0.21875;0.3046875;0.05078125;0.21875;0.44140625;0.171875;0.0625;0.19921875;0.5;0.26953125;0.05078125;0.1484375;0.34765625;0.0390625;0.09765625
0.3828125;0.15625;0.36328125;0.17578125;0.6796875;0.2265625;0.55859375;0.31640625;0.46875;0.484375;0.14453125;0.34375;0.47265625;0.10546875;0.83203125;0.859375
0.19140625;0.2421875;0.6015625;0.25;0.1796875;0.7734375;1.15234375;0.7421875;0.08203125;0.796875;0.59765625;0.5234375;0.27734375;0.60546875;0.98828125;0.99609375
0.296875;0.3671875;0.625;0.64453125;0.421875;0.1953125;0.23828125;0.609375;0.3203125;0.34765625;0.61328125;0.640625;0.66796875;0.125;0.26953125;0.6484375
0.12109375;0.234375;0.265625;0.00390625;0.203125;0.1953125;0.11328125;0.05078125;0.55859375;0.20703125;0.0234375;0.0390625;0.0078125;0.1640625;0.234375;0.0234375
0.8984375;0.55078125;0.52734375;0.4609375;0.58203125;0.35546875;0.2109375;0.3515625;0.5703125;0.11328125;0.0859375;0.78515625;0.8125;0.47265625;0.3359375;0.75390625
0.5;0.21484375;0.23828125;0.04296875;0.1796875;0.18359375;0.2578125;0.0859375;0.35546875;0.23046875;0.84375;0.18359375;0.88671875;0.0703125;0.2890625;0.33203125
0.5625;0.08203125;0.62109375;0.921875;0.28515625;0.71484375;0.53125;0.5625;0.140625;0.296875;0.15625;0.48046875;0.19140625;0.76953125;0.5234375;0.59765625
0.32421875;0.0234375;0.0546875;0.3203125;0.265625;0.26171875;0.18359375;0.03515625;0.19921875;0.1875;0.41796875;0.109375;0.39453125;0.04296875;0.16796875;0.32421875
0.26953125;0.5546875;0.203125;0.203125;0.609375;0.43359375;0.5625;0.27734375;0.515625;0.45703125;0.62109375;0.0390625;0.04296875;0.328125;0.01953125;0.15234375
0.5390625;0.4609375;0.4296875;0.58984375;0.109375;0.421875;0.02734375;0.4921875;0.421875;0.640625;0.30859375;0.6875;0.24609375;0.74609375;0.09375;0.609375
0.04296875;0.1953125;0.3359375;0.2109375;0.3359375;0.07421875;0.8125;0.62890625;0.796875;0.50390625;0.9765625;0.9921875;0.1484375;0.44140625;0.7421875;0.3984375
0.47265625;0.2265625;0.41796875;0.328125;0.65234375;0.046875;0.546875;0.3828125;0.93359375;0.09765625;0.68359375;0.45703125;0.81640625;0.1015625;0.44921875;0.4296875
1.22265625;0.78125;0.69140625;0.09375;1.78515625;0.390625;0.6640625;0.34375;1.64453125;0.14453125;0.671875;0.4375;1.36328125;0.8203125;0.5390625;0.1328125
0.05859375;0.2734375;0.17578125;0.66796875;0.11328125;0.203125;0.203125;0.48046875;0.0546875;0.05078125;0.01953125;0.17578125;0.03515625;0.28515625;0.28515625;0.4921875
0.0390625;0.4296875;0.3359375;0.14453125;0.26171875;0.0546875;0.19921875;0.6171875;0.10546875;0.36328125;0.12109375;0.36328125;0.328125;0.11328125;0.2109375;0.109375
0.53125;0.046875;0.3359375;0.78125;0.578125;0.03515625;0.40625;0.75;0.49609375;0.19140625;0.109375;0.5390625;0.3671875;0.0390625;0.10546875;0.40234375
0.22265625;0.06640625;0.62109375;0.18359375;0.21875;0.125;0.76953125;0.06640625;0.3515625;0.0078125;0.60546875;0.02734375;0.96484375;0.34765625;0.9140625;0.38671875
1.08984375;0.234375;0.17578125;0.05859375;1.578125;0.3515625;0.37890625;0.5546875;1.359375;0.37109375;0.2734375;0.1328125;1.9296875;0.125;0.65234375;0.29296875
0.39453125;0.5546875;0;0.265625;0.56640625;0.0546875;0.05078125;0.00390625;0.36328125;0.546875;0.04296875;0.25390625;0.4609375;0.21484375;0.17578125;0.015625
0.2421875;0.15234375;0.0625;0.05859375;0.19921875;0.30078125;0.01171875;0.00390625;0.37109375;0.58203125;0.07421875;0.00390625;0.265625;0.12109375;0.09375;0.04296875
0.484375;0.16796875;0.5546875;0.11328125;0.4609375;0.0703125;0.0625;0.3046875;0.66015625;0.30078125;0.015625;0.0546875;0.66015625;0.1953125;0.55859375;0.125
0.0625;0.09765625;0.0546875;0.22265625;0.33984375;0.34375;0.19140625;0.3515625;0.33984375;1.03125;0.2890625;0.6171875;0.03515625;0.5234375;0.15234375;0.39453125
0.296875;0.125;1.0390625;0.0859375;0.1484375;0.01171875;0.03125;0.14453125;0.3125;0.25390625;0.18359375;0.06640625;0.25;0.0703125;0.01171875;0.1875
0.84765625;0.1640625;0.01171875;1.19921875;0.6328125;0.0703125;0.15625;0.1953125;1.1640625;0.28515625;0.12890625;0.8046875;1.1953125;0.06640625;0.265625;0.71484375
0.29296875;0.796875;0.87109375;0.01953125;0.33984375;0.80078125;1.25390625;0.15625;0.484375;0.60546875;1.3046875;0.16796875;0.2734375;0.61328125;0.2265625;0.02734375
0.74609375;0.1015625;0.76953125;0.1015625;0.31640625;0.35546875;0.4609375;0.046875;0.66015625;0.28125;0.6875;0.10546875;0.59375;0.1328125;0.8515625;0.125
0.10546875;0.1796875;0.203125;0.17578125;0.40625;0.19921875;0.09375;0.25;0.140625;0.50390625;0.015625;0.3203125;0.6875;0.2265625;0.02734375;0.31640625
0.609375;0.2734375;0.27734375;0.69140625;0.07421875;0.328125;0.5703125;0.01171875;0.17578125;0.3203125;0.63671875;0.0625;0.40625;0.2109375;0.36328125;0.1328125
0.36328125;0.51171875;0.13671875;0.00390625;0.3671875;0.85546875;0.16015625;0.36328125;0.23046875;0.8828125;0.12109375;0.33984375;0.45703125;0.54296875;0.46484375;0.10546875
0.42578125;0.24609375;0.97265625;0.078125;0.55078125;0.07421875;0.81640625;0.34375;0.0234375;0.06640625;0.46875;0.2890625;0;0.2109375;0.4140625;0.0390625
0.43359375;0.1171875;0.04296875;0.12890625;0.41015625;0.109375;0.40234375;0.15234375;0.375;0.046875;0.05859375;0.0078125;0.3828125;0.296875;0.55859375;0.33984375
1.09765625;0.15234375;0.25;0.4296875;0.859375;0.1328125;0.28515625;0.48828125;0.515625;0.23046875;0.10546875;0.5546875;0.375;0.02734375;0.08984375;0.140625
0.203125;0.640625;0.5625;0.0234375;0.08203125;0.9453125;0.71484375;0.18359375;0.11328125;0.48046875;0.43359375;0.19140625;0.15234375;0.98828125;1.015625;0.328125
0.046875;0.0625;0.31640625;0.33203125;0.3046875;0.53515625;0.7265625;0.171875;0.3828125;0.359375;0.3828125;0.48828125;0.4296875;0.1484375;0.64453125;0.1328125
0.55859375;0.62890625;0.7578125;0.15234375;0.16015625;0.515625;0.078125;0.30078125;0.53515625;0.53515625;0.796875;0.23828125;0.1328125;0.16796875;0.015625;0.69140625
0.82421875;0.3515625;0.1484375;0.375;0.47265625;0.1953125;0.1328125;0.109375;0.59765625;0.41796875;0.46484375;0.05859375;0.5703125;0.14453125;0.0625;0.2578125
1.19140625;0.27734375;0.953125;0.51953125;1;0.08984375;0.953125;0.22265625;1.1171875;0.375;0.65625;0.30078125;0.91015625;0.6015625;0.828125;0.41015625
0.37890625;0.17578125;0.12109375;0.421875;0.01953125;0.0703125;0.125;0.3046875;0.07421875;0.2109375;0.2578125;0.44140625;0.1484375;0.25390625;0.140625;0.29296875
0.6484375;0.19921875;0.65234375;1.33203125;0.22265625;0.4765625;0.32421875;0.60546875;0.16015625;0.26953125;0.00390625;0.28125;0.22265625;0.49609375;0.23046875;0.48046875
0.3125;0.58203125;0.1875;0.2578125;0.15625;0.3359375;0.35546875;0.13671875;0.359375;0.46875;0.765625;0.19921875;0.26171875;0.70703125;0.40625;0.23828125
0.46484375;0.2578125;0.0078125;0.4453125;0.35546875;0.23828125;0.40625;0.00390625;0.2421875;0.40625;0.09375;0.015625;0.50390625;0.3046875;0.04296875;0.3828125
0.08984375;0.0625;0.11328125;0.8046875;0.27734375;0.07421875;0.15625;0.51953125;0.140625;0.109375;0.25390625;0.82421875;0.30859375;0.125;0.03515625;1.09765625
0.234375;0.109375;0.1484375;0.03125;0.265625;0.0234375;0.171875;0.18359375;0.41796875;0.2890625;0.33203125;0.38671875;0.48828125;0.20703125;0.1953125;0.00390625
0.828125;1.1015625;1.015625;0.60546875;0.59375;1.08984375;0.72265625;1.03515625;0.7734375;1.3203125;0.75;1.2421875;0.8203125;0.8125;0.90625;1.03125
0.38671875;0.55859375;0.5;0.23046875;0.0546875;0.54296875;0.59375;0.265625;0.09765625;0.55078125;0.4375;0.5;0.375;0.49609375;0.59375;0.390625
0.78515625;0.44140625;0.85546875;1.0390625;0.17578125;0.30859375;0.5546875;0.59375;0.390625;0.21484375;0.125;0.46875;0.58203125;0.27734375;0.49609375;0.62109375
0.5625;0.00390625;0.484375;0.15625;0.28125;0.13671875;0.296875;0.0625;0.33203125;0.12109375;0.1640625;0.06640625;0.5078125;0.2109375;0.6328125;0.30078125
0.1171875;0.0625;0.14453125;0.73046875;0.07421875;0.02734375;0.05859375;0.77734375;0.2421875;0.0234375;0.0390625;0.6484375;0.0234375;0.0703125;0.0625;0.27734375
0.078125;0.44921875;0.33984375;0.30078125;0.2109375;0.66796875;0.2421875;0.51171875;0.19140625;0.515625;0.21484375;0.50390625;0.24609375;0.57421875;0.46484375;0.24609375
0.12109375;0.80859375;0.62109375;0.1640625;0.3125;1.0390625;0.640625;0.40234375;0.1328125;1.28125;1.09375;0.26953125;0.4140625;0.9921875;0.8125;0.515625
1.22265625;1.015625;0.30078125;0.00390625;0.51953125;0.76953125;0.04296875;0.21875;1.23828125;0.95703125;0.31640625;0.05078125;0.62890625;0.4140625;0.01953125;0.03125
0.40234375;0.0546875;0.8046875;0.18359375;0.21875;0.078125;0.4765625;0.0390625;0.4453125;0.125;0.62109375;0.11328125;0.3203125;0.0859375;0.484375;0.06640625
0.1484375;0.8671875;0.94921875;0.05078125;0.2734375;0.34375;0.6796875;0.30859375;0.3515625;0.53125;1.09765625;0.375;0.359375;0.98828125;1.43359375;0.46875
0.05078125;0.33984375;0.21875;0.1015625;0.07421875;0.33203125;0.44921875;0.33203125;0.109375;0.46875;0.63671875;0.55859375;0.07421875;0.59765625;0.296875;0.3125
0.41015625;0.39453125;0.66015625;0.1015625;0.5546875;0.77734375;0.3828125;0.3828125;0.08203125;0.25390625;0.5078125;0.36328125;0.46875;0.72265625;0.453125;0.5078125
0.40625;0.05859375;0.078125;0.76953125;0.22265625;0.28515625;0.12890625;0.40234375;0.25;0.4140625;0.1484375;0.80859375;0.7734375;0.3984375;0.17578125;1.0078125
0.10546875;0.53515625;0.03125;0.34765625;0.13671875;1.1015625;0.13671875;0.671875;0.14453125;0.890625;0.109375;0.5234375;0.07421875;0.3359375;0.09375;0.29296875
0.3125;0.0546875;0.17578125;0.015625;0.03515625;0.1171875;0.00390625;0.11328125;0.28515625;0.09765625;0.12109375;0.0859375;0.22265625;0.19921875;0.18359375;0.09375
0.390625;0.140625;0.0859375;0.171875;0.7578125;0.046875;0.4375;0.328125;1.0546875;0.18359375;0.4921875;0.30859375;0.40625;0.0859375;0.4140625;0.703125
0.44921875;1.2421875;1.2421875;0.171875;0.57421875;0.7421875;0.3671875;0.6484375;0.640625;1.17578125;0.46484375;0.71875;1.1484375;0.5078125;0.2109375;0.4375
0.79296875;0.39453125;0.1796875;0.15625;0.36328125;0.7421875;0.24609375;0.22265625;0.45703125;0.8828125;0.0546875;0.40234375;0.51953125;0.27734375;0.3828125;0.00390625
0.0625;0.171875;0.05078125;0.78125;0.41796875;0.0703125;0.23828125;0.390625;0.0390625;0.25390625;0.3515625;0.36328125;0.02734375;0.16015625;0.05859375;0.49609375
0.5546875;0.84375;0.35546875;0.39453125;0.01953125;0.08984375;0.0078125;0.23046875;0.51953125;0.671875;0.33984375;0.51953125;0.2265625;0.56640625;0.04296875;0.41015625
0.2109375;0.36328125;1.9453125;1.50390625;0.1328125;0.6796875;1.90234375;1.609375;0.17578125;0.85546875;1.1953125;1.03515625;0.04296875;0.48828125;0.890625;0.83984375
0.23046875;0.02734375;0.0859375;0.3125;0.30859375;0.09765625;0.1328125;0.30859375;0.57421875;0.26171875;0.3046875;0.31640625;0.09765625;0.1171875;0.07421875;0.30859375
0.4609375;0.70703125;0.19921875;0.078125;0.84765625;0.09765625;1.28125;0.1171875;0.296875;0.84375;0.7109375;0.765625;0.80859375;0.16796875;1.17578125;0.25390625
0.51953125;0.125;0.0625;0.61328125;0.23828125;0.0390625;0.3828125;0.1796875;0.51953125;0.10546875;0.02734375;0.66015625;0.078125;0.2734375;0.15625;0.1328125
0.29296875;0.1015625;0.67578125;0.57421875;0.0625;0.12109375;0.37109375;0.12890625;0.25390625;0.1328125;0.5625;0.25;0.13671875;0.1171875;0.48828125;0.3125
1.0234375;0.06640625;0.2890625;0.1875;0.6953125;0.07421875;0.1484375;0.390625;1.08203125;0.23046875;0.015625;0.109375;1.109375;0.03515625;0.2265625;0.0546875
0.28125;0.38671875;0.15234375;0.21875;0.49609375;0.234375;0.05859375;0.546875;0.91015625;0.609375;0.2109375;0.56640625;0.75390625;0.6171875;0.63671875;0.65234375
0.01953125;1.23828125;0.0234375;0.1875;0.02734375;0.40234375;0.32421875;0.37890625;0.20703125;0.5546875;0.171875;0.21875;0.12890625;0.4921875;0.328125;0.40234375
0.21875;0.4140625;0.62109375;0.28125;0.25390625;0.0859375;0.30078125;0.515625;0.4765625;0.30859375;0.6171875;1.0546875;0.04296875;0.3828125;0.6796875;0.66796875
0.828125;0.703125;0.12109375;0.42578125;1.1015625;0.5;0.1015625;0.37890625;0.9453125;0.734375;0.10546875;0.71484375;0.58984375;0;0.06640625;0.11328125
0.359375;0.03515625;0.05078125;0.16796875;0.0546875;0.05859375;0.15234375;0.328125;0.27734375;0.0078125;0.0546875;0.09375;0.0078125;0.36328125;0.05078125;0.49609375
0.0234375;0.28125;0.08984375;0.17578125;0.2421875;0.10546875;0.06640625;0.6640625;0.72265625;0.0390625;0.03515625;0.92578125;0.06640625;0.30859375;0.08203125;0.53515625
0.29296875;0.578125;0.50390625;1.18359375;0.65625;0.0390625;0.4921875;0.125;0.23828125;0.9296875;0.16796875;0.859375;0.27734375;0.5390625;0.32421875;0.18359375
0.1328125;0.4765625;0.6875;0.2421875;0.203125;0.80078125;1.20703125;0.66015625;0.1484375;0.30078125;0.6640625;0.2421875;0.08203125;0.26953125;1.02734375;0.5703125
0.12890625;0.234375;0.171875;0.30078125;0.28515625;0.18359375;0.234375;0.34375;0.078125;0.30859375;0.18359375;0.2421875;0.1171875;0.56640625;0.08984375;0.43359375
0.23046875;0.46875;0.671875;0.30859375;0.6640625;0.5859375;0.57421875;0.21875;0.55078125;0.03125;0.0234375;0.90234375;0.42578125;0.7265625;0.88671875;0.90625
0.44140625;0.02734375;0.5625;0.234375;0.60546875;0.73828125;0.52734375;0.13671875;0.046875;0.125;0.3515625;0.16015625;0.453125;0.11328125;0.6875;0.1640625
0.53125;0.8984375;0.25390625;0.22265625;0.53125;0.1640625;0.38671875;0.15234375;0.65625;0.36328125;0.2890625;0.25;0.02734375;0.53515625;0.359375;0.1015625
0.36328125;0.40234375;0.05078125;0.578125;0.3671875;0.2578125;0.5;0.39453125;0.578125;0.53515625;0.625;0.65625;0.109375;0.11328125;0.28515625;0.56640625
0.0859375;0.01171875;0.390625;0.671875;0.03125;0.09765625;0.34765625;0.25390625;0.0546875;0.1015625;0.5859375;1.26171875;0.046875;0.0234375;0.18359375;0.3125
0.515625;0.21875;0.734375;0.22265625;1.01171875;0.59375;1.2265625;0.109375;0.88671875;0.01171875;1.2265625;0.26171875;1;0.1953125;0.98828125;0.18359375
0.6484375;0.26171875;0.83984375;0.37109375;0.8046875;0.13671875;0.73828125;0.3203125;0.234375;0.12109375;0.4296875;0.046875;0.7578125;0.25390625;0.609375;0.58203125
0.24609375;0.1015625;0.1640625;0.2734375;0.00390625;0.03515625;0.05859375;0.6171875;0.10546875;0.1640625;0.30078125;0.546875;0.0078125;0.08203125;0.23046875;0.421875
0.28515625;0.484375;0.1640625;0.0078125;0.58984375;0.078125;0.05078125;0.66796875;0.5703125;0.36328125;0.2265625;0.13671875;0.078125;0.53515625;0.0234375;0.01953125
0.51171875;0.16015625;0.12890625;0.46484375;0.4921875;0.30859375;0;0.1640625;0.26171875;0.18359375;0.18359375;0.2109375;0.25390625;0.0234375;0.0078125;0.4140625
0.12890625;0.359375;0.18359375;0.27734375;0.15234375;0.4609375;0.35546875;0.5546875;0.2578125;0.203125;0.0625;0.4609375;0.21875;0.140625;0.02734375;0.296875
0.02734375;0.6171875;0.453125;0.25390625;0.16796875;0.39453125;0.03515625;0.26953125;0.05859375;0.16796875;0.11328125;0.01953125;0.765625;0.640625;0.1640625;0.66796875
0.7109375;0.3046875;0.05078125;0.4609375;0.69921875;0.0234375;0.10546875;0.5703125;0.8203125;0.14453125;0.12890625;0.52734375;1.015625;0.6875;0.34375;0.10546875
0.31640625;0.5625;0.33203125;0.65234375;0.03125;0.55859375;0.5234375;0.42578125;0.453125;1.04296875;0.546875;1.0859375;0.484375;0.53125;0.15625;0.66796875
0.25390625;0.1875;0.0546875;0.12890625;0.39453125;0.44921875;0.171875;0.0390625;0.23828125;0.296875;0.18359375;0.15625;0.2109375;0.6640625;0.57421875;0.23046875
0.03515625;0.31640625;0.40234375;0.1484375;0.29296875;0.51953125;0.58203125;0.3515625;0.41796875;0.21484375;0.34765625;0.46484375;0.25;0.19140625;1.06640625;0.390625
0.1953125;0.4765625;0.328125;0.14453125;0.32421875;0.859375;0.23046875;0.140625;0.51171875;0.48046875;0.15625;0.19140625;0.5078125;0.7890625;0.140625;0.17578125
0.09375;0.40625;0.203125;0.0859375;0.4296875;0.12109375;0.1015625;0.28125;0.41796875;0.23046875;0.02734375;0.26171875;0.50390625;0.1875;0.04296875;0.0390625
0.78515625;0.56640625;0.11328125;0.25;0.23828125;0.08984375;0.140625;0.30078125;0.43359375;0.203125;0.171875;0.30859375;0.39453125;0.36328125;0.01953125;0.2109375
0.26171875;0.17578125;0.1171875;0.15234375;0.48828125;0.29296875;0.37109375;0.22265625;0.37890625;0.05078125;0.5234375;0.14453125;0.609375;0.2265625;0.39453125;0.3828125
0.078125;0.18359375;0.671875;0.5625;0.5078125;0.2734375;0.453125;0.11328125;0.30078125;0.6015625;0.625;0.90625;0.13671875;0.5;0.13671875;0.53515625
0.125;0.171875;0.5546875;0.359375;0.16796875;0.21484375;0.4140625;0.80859375;0.37890625;0.07421875;0.8984375;0.59765625;0.609375;0.26171875;0.7734375;0.69921875
0.0625;0.09765625;0.12890625;0.3203125;0.0078125;0.40625;0.0234375;0.0859375;0.18359375;0.39453125;0.65625;0.16796875;0.07421875;0.44921875;0.1796875;0.0859375
0.37890625;0.4375;0.1640625;0.30859375;0.55859375;0.48828125;0.13671875;0.66796875;0.82421875;0.99609375;0.22265625;0.3671875;0.59375;0.65234375;0.1328125;0.3359375
0.5859375;0.9453125;0.52734375;0.078125;0.3671875;0.65625;0.08203125;0.46484375;1;0.8828125;0.45703125;0.140625;0.73828125;0.98828125;0.65625;0.17578125
0.31640625;0.0703125;0.19140625;0.18359375;0.19921875;0.09375;0.1796875;0.3125;0.22265625;0.140625;0.1953125;0.07421875;0.015625;0.1796875;0.3515625;0.12890625
0.20703125;0.23046875;0.53515625;0.40234375;0.54296875;0.28125;0.78125;0.6640625;0.3125;0.31640625;0.578125;0.41796875;0.1171875;0.2890625;0.35546875;0.33984375
0.703125;0.10546875;0.27734375;0.7109375;0.4921875;0.38671875;0.140625;0.734375;0.19921875;0.0703125;0.0078125;0.359375;0.57421875;0.25390625;0.08984375;0.47265625
0.00390625;0.1640625;0.23046875;0.16015625;0.22265625;0.17578125;0.48828125;0.265625;0.1015625;0.05078125;0.56640625;0.296875;0.21484375;0.37890625;0.54296875;0.34375
